432.689 0.0472303
433.621 0.0470864
434.552 0.0469438
435.482 0.0468027
436.410 0.0466629
437.337 0.0465246
438.262 0.0463876
439.187 0.0462518
440.110 0.0461174
441.031 0.0459844
441.952 0.0458525
442.871 0.0457220
443.789 0.0455926
444.705 0.0454646
445.621 0.0453376
446.535 0.0452119
447.447 0.0450875
448.359 0.0449640
449.269 0.0448418
450.178 0.0447207
451.086 0.0446007
451.993 0.0444817
452.898 0.0443639
453.803 0.0442470
454.706 0.0441313
455.608 0.0440166
456.508 0.0439030
457.408 0.0437902
458.306 0.0436786
459.204 0.0435678
460.100 0.0434581
460.995 0.0433493
461.888 0.0432416
462.781 0.0431347
463.673 0.0430286
464.563 0.0429236
465.452 0.0428194
466.340 0.0427162
467.228 0.0426136
468.114 0.0425120
468.999 0.0424113
469.882 0.0423115
470.765 0.0422124
471.647 0.0421141
472.528 0.0420166
473.407 0.0419200
474.286 0.0418241
475.163 0.0417291
476.040 0.0416347
476.915 0.0415411
477.790 0.0414483
478.663 0.0413562
479.535 0.0412649
480.407 0.0411742
481.277 0.0410843
482.147 0.0409950
483.015 0.0409065
483.883 0.0408186
484.749 0.0407314
485.615 0.0406449
486.479 0.0405591
487.343 0.0404739
488.206 0.0403893
489.067 0.0403055
489.928 0.0402222
490.788 0.0401396
491.647 0.0400576
492.505 0.0399763
493.362 0.0398955
494.218 0.0398154
495.073 0.0397358
495.928 0.0396568
496.781 0.0395785
497.634 0.0395006
498.486 0.0394233
499.337 0.0393467
500.187 0.0392705
501.036 0.0391950
501.884 0.0391200
502.731 0.0390455
503.578 0.0389715
504.424 0.0388981
505.268 0.0388252
506.113 0.0387527
506.956 0.0386809
507.798 0.0386095
508.640 0.0385385
509.480 0.0384682
510.320 0.0383982
511.160 0.0383287
511.998 0.0382597
512.836 0.0381911
513.672 0.0381231
514.508 0.0380554
515.344 0.0379881
516.178 0.0379214
517.012 0.0378551
517.845 0.0377892
518.677 0.0377237
519.508 0.0376587
520.339 0.0375940
521.169 0.0375298
521.998 0.0374660
522.826 0.0374026
523.654 0.0373395
524.481 0.0372769
525.307 0.0372147
526.133 0.0371528
526.958 0.0370914
527.782 0.0370303
528.605 0.0369697
529.428 0.0369094
530.250 0.0368495
531.072 0.0367899
531.892 0.0367308
532.712 0.0366720
533.532 0.0366136
534.350 0.0365556
535.168 0.0364979
535.986 0.0364405
536.802 0.0363836
537.618 0.0363271
538.434 0.0362708
539.249 0.0362149
540.063 0.0361594
540.876 0.0361043
541.689 0.0360495
542.501 0.0359950
543.313 0.0359409
544.124 0.0358871
544.934 0.0358336
545.744 0.0357805
546.553 0.0357277
547.361 0.0356753
548.169 0.0356232
548.976 0.0355714
549.783 0.0355199
550.589 0.0354687
551.395 0.0354178
552.200 0.0353672
553.004 0.0353169
553.808 0.0352669
554.611 0.0352173
555.414 0.0351678
556.216 0.0351187
557.018 0.0350698
557.819 0.0350212
558.619 0.0349729
559.419 0.0349248
560.218 0.0348770
561.017 0.0348294
561.815 0.0347821
562.613 0.0347349
563.410 0.0346881
564.207 0.0346415
565.003 0.0345951
565.799 0.0345489
566.594 0.0345029
567.388 0.0344572
568.182 0.0344117
568.976 0.0343664
569.769 0.0343213
570.562 0.0342764
571.354 0.0342317
572.145 0.0341873
572.936 0.0341430
573.727 0.0340989
574.517 0.0340551
575.307 0.0340114
576.096 0.0339679
576.885 0.0339247
577.673 0.0338816
578.461 0.0338387
579.248 0.0337961
580.035 0.0337536
580.821 0.0337114
581.607 0.0336694
582.392 0.0336275
583.177 0.0335859
583.962 0.0335445
584.746 0.0335033
585.529 0.0334623
586.313 0.0334215
587.095 0.0333810
587.878 0.0333406
588.660 0.0333004
589.441 0.0332606
590.222 0.0332209
591.003 0.0331814
591.783 0.0331422
592.563 0.0331031
593.342 0.0330644
594.121 0.0330258
594.899 0.0329875
595.678 0.0329494
596.455 0.0329116
597.233 0.0328739
598.009 0.0328365
598.786 0.0327993
599.562 0.0327624
600.338 0.0327257
601.113 0.0326892
601.888 0.0326529
602.663 0.0326168
603.437 0.0325810
604.211 0.0325454
604.984 0.0325100
605.757 0.0324748
606.530 0.0324398
607.302 0.0324050
608.074 0.0323704
608.845 0.0323361
609.616 0.0323019
610.387 0.0322679
611.158 0.0322340
611.928 0.0322004
612.697 0.0321669
613.467 0.0321336
614.236 0.0321004
615.004 0.0320674
615.773 0.0320346
616.541 0.0320019
617.308 0.0319693
618.076 0.0319369
618.843 0.0319046
619.609 0.0318724
620.375 0.0318404
621.141 0.0318084
621.907 0.0317766
622.672 0.0317448
623.437 0.0317132
624.202 0.0316816
624.966 0.0316502
625.730 0.0316188
626.493 0.0315875
627.257 0.0315563
628.020 0.0315251
628.782 0.0314941
629.545 0.0314631
630.307 0.0314321
631.068 0.0314013
631.830 0.0313704
632.591 0.0313396
633.352 0.0313089
634.112 0.0312783
634.872 0.0312477
635.632 0.0312172
636.392 0.0311867
637.151 0.0311563
637.910 0.0311259
638.668 0.0310956
639.427 0.0310654
640.185 0.0310352
640.943 0.0310051
641.700 0.0309750
642.457 0.0309451
643.214 0.0309152
643.971 0.0308853
644.727 0.0308556
645.483 0.0308260
646.239 0.0307964
646.994 0.0307669
647.750 0.0307375
648.505 0.0307083
649.259 0.0306791
650.014 0.0306501
650.768 0.0306211
651.521 0.0305923
652.275 0.0305636
653.028 0.0305351
653.781 0.0305067
654.534 0.0304784
655.286 0.0304503
656.039 0.0304223
656.791 0.0303945
657.542 0.0303669
658.294 0.0303394
659.045 0.0303120
659.796 0.0302849
660.546 0.0302580
661.297 0.0302312
662.047 0.0302046
662.796 0.0301782
663.546 0.0301520
664.295 0.0301259
665.044 0.0301001
665.793 0.0300745
666.542 0.0300490
667.290 0.0300238
668.038 0.0299988
668.786 0.0299739
669.533 0.0299493
670.281 0.0299249
671.028 0.0299007
671.774 0.0298767
672.521 0.0298528
673.267 0.0298292
674.013 0.0298058
674.759 0.0297825
675.505 0.0297595
676.250 0.0297366
676.995 0.0297139
677.740 0.0296914
678.484 0.0296691
679.229 0.0296469
679.973 0.0296249
680.717 0.0296031
681.460 0.0295814
682.204 0.0295599
682.947 0.0295385
683.690 0.0295172
684.433 0.0294961
685.175 0.0294751
685.917 0.0294543
686.659 0.0294335
687.401 0.0294128
688.142 0.0293922
688.884 0.0293717
689.625 0.0293513
690.365 0.0293310
691.106 0.0293107
691.846 0.0292905
692.586 0.0292704
693.326 0.0292503
694.066 0.0292302
694.805 0.0292102
695.545 0.0291901
696.284 0.0291701
697.022 0.0291501
697.761 0.0291301
698.499 0.0291102
699.237 0.0290901
699.975 0.0290701
700.713 0.0290501
701.450 0.0290300
702.187 0.0290099
702.924 0.0289898
703.661 0.0289696
704.397 0.0289493
705.133 0.0289291
705.869 0.0289087
706.605 0.0288883
707.341 0.0288679
708.076 0.0288474
708.811 0.0288268
709.546 0.0288061
710.281 0.0287854
711.015 0.0287646
711.749 0.0287438
712.483 0.0287228
713.217 0.0287018
713.950 0.0286808
714.684 0.0286596
715.417 0.0286384
716.150 0.0286172
716.882 0.0285958
717.615 0.0285744
718.347 0.0285530
719.079 0.0285315
719.811 0.0285099
720.542 0.0284883
721.273 0.0284667
722.005 0.0284449
722.735 0.0284232
723.466 0.0284015
724.196 0.0283797
724.927 0.0283579
725.656 0.0283361
726.386 0.0283143
727.116 0.0282924
727.845 0.0282706
728.574 0.0282488
729.303 0.0282270
730.031 0.0282053
730.760 0.0281836
731.488 0.0281619
732.216 0.0281403
732.944 0.0281187
733.671 0.0280972
734.398 0.0280758
735.125 0.0280544
735.852 0.0280332
736.579 0.0280120
737.305 0.0279909
738.031 0.0279700
738.757 0.0279491
739.483 0.0279284
740.208 0.0279079
740.933 0.0278874
741.658 0.0278671
742.383 0.0278470
743.108 0.0278270
743.832 0.0278072
744.556 0.0277875
745.280 0.0277681
746.004 0.0277488
746.727 0.0277297
747.450 0.0277108
748.173 0.0276921
748.896 0.0276736
749.618 0.0276554
750.340 0.0276373
751.062 0.0276194
751.784 0.0276018
752.506 0.0275844
753.227 0.0275672
753.948 0.0275503
754.669 0.0275335
755.389 0.0275171
756.110 0.0275008
756.830 0.0274848
757.550 0.0274690
758.269 0.0274534
758.989 0.0274381
759.708 0.0274230
760.427 0.0274082
761.146 0.0273936
761.864 0.0273792
762.582 0.0273650
763.300 0.0273511
764.018 0.0273374
764.736 0.0273239
765.453 0.0273106
766.170 0.0272976
766.887 0.0272847
767.603 0.0272721
768.320 0.0272596
769.036 0.0272474
769.751 0.0272353
770.467 0.0272235
771.182 0.0272118
771.897 0.0272002
772.612 0.0271889
773.327 0.0271777
774.041 0.0271666
774.755 0.0271557
775.469 0.0271450
776.183 0.0271343
776.896 0.0271238
777.609 0.0271134
778.322 0.0271031
779.035 0.0270929
779.747 0.0270828
780.459 0.0270728
781.171 0.0270629
781.882 0.0270530
782.594 0.0270432
783.305 0.0270334
784.016 0.0270236
784.726 0.0270139
785.436 0.0270043
786.147 0.0269946
786.856 0.0269849
787.566 0.0269753
788.275 0.0269656
788.984 0.0269559
789.693 0.0269462
790.401 0.0269364
791.110 0.0269266
791.818 0.0269167
792.525 0.0269068
793.233 0.0268968
793.940 0.0268868
794.647 0.0268766
795.353 0.0268664
796.060 0.0268561
796.766 0.0268457
797.472 0.0268351
798.177 0.0268245
798.883 0.0268137
799.588 0.0268028
800.292 0.0267918
800.997 0.0267806
801.701 0.0267693
802.405 0.0267579
803.109 0.0267462
803.812 0.0267345
804.515 0.0267226
805.218 0.0267105
805.921 0.0266982
806.623 0.0266858
807.325 0.0266732
808.027 0.0266605
808.728 0.0266475
809.429 0.0266344
810.130 0.0266211
810.831 0.0266077
811.531 0.0265940
812.231 0.0265802
812.931 0.0265662
813.630 0.0265520
814.330 0.0265377
815.029 0.0265231
815.727 0.0265085
816.426 0.0264936
817.124 0.0264785
817.821 0.0264633
818.519 0.0264479
819.216 0.0264324
819.913 0.0264167
820.609 0.0264008
821.306 0.0263848
822.002 0.0263686
822.697 0.0263523
823.393 0.0263358
824.088 0.0263193
824.783 0.0263025
825.477 0.0262857
826.171 0.0262687
826.865 0.0262517
827.559 0.0262345
828.252 0.0262172
828.945 0.0261998
829.638 0.0261823
830.330 0.0261648
831.023 0.0261471
831.714 0.0261295
832.406 0.0261117
833.097 0.0260939
833.788 0.0260760
834.479 0.0260581
835.169 0.0260402
835.859 0.0260222
836.548 0.0260043
837.238 0.0259863
837.927 0.0259683
838.615 0.0259503
839.304 0.0259324
839.992 0.0259144
840.680 0.0258965
841.367 0.0258787
842.054 0.0258609
842.741 0.0258431
843.428 0.0258254
844.114 0.0258077
844.800 0.0257902
845.485 0.0257727
846.170 0.0257554
846.855 0.0257381
847.540 0.0257209
848.224 0.0257039
848.908 0.0256870
849.592 0.0256702
850.275 0.0256535
850.958 0.0256370
851.641 0.0256206
852.323 0.0256045
853.005 0.0255884
853.687 0.0255726
854.368 0.0255569
855.049 0.0255414
855.730 0.0255261
856.410 0.0255110
857.090 0.0254961
857.769 0.0254814
858.449 0.0254669
859.128 0.0254526
859.806 0.0254386
860.485 0.0254248
861.163 0.0254112
861.840 0.0253978
862.518 0.0253847
863.195 0.0253718
863.871 0.0253592
864.548 0.0253468
865.224 0.0253347
865.899 0.0253228
866.574 0.0253112
867.249 0.0252999
867.924 0.0252888
868.598 0.0252779
869.272 0.0252674
869.946 0.0252571
870.619 0.0252470
871.292 0.0252373
871.964 0.0252278
872.636 0.0252185
873.308 0.0252096
873.979 0.0252009
874.651 0.0251924
875.321 0.0251843
875.992 0.0251764
876.662 0.0251687
877.331 0.0251614
878.001 0.0251543
878.670 0.0251474
879.338 0.0251408
880.007 0.0251345
880.675 0.0251284
881.342 0.0251225
882.009 0.0251170
882.676 0.0251116
883.343 0.0251065
884.009 0.0251016
884.675 0.0250970
885.340 0.0250925
886.005 0.0250883
886.670 0.0250844
887.334 0.0250806
887.998 0.0250771
888.662 0.0250737
889.325 0.0250706
889.988 0.0250676
890.650 0.0250648
891.312 0.0250623
891.974 0.0250599
892.636 0.0250576
893.297 0.0250556
893.957 0.0250537
894.618 0.0250519
895.278 0.0250503
895.937 0.0250489
896.596 0.0250475
897.255 0.0250464
897.914 0.0250453
898.572 0.0250443
899.230 0.0250435
899.887 0.0250427
900.544 0.0250421
901.201 0.0250415
901.857 0.0250411
902.513 0.0250407
903.168 0.0250403
903.823 0.0250401
904.478 0.0250398
905.132 0.0250397
905.786 0.0250395
906.440 0.0250394
907.093 0.0250394
907.746 0.0250393
908.399 0.0250393
909.051 0.0250392
909.703 0.0250392
910.354 0.0250391
911.005 0.0250391
911.656 0.0250390
912.306 0.0250389
912.956 0.0250387
913.605 0.0250385
914.254 0.0250383
914.903 0.0250380
915.551 0.0250376
916.199 0.0250372
916.847 0.0250367
917.494 0.0250361
918.141 0.0250354
918.788 0.0250346
919.434 0.0250338
920.079 0.0250328
920.725 0.0250317
921.370 0.0250305
922.014 0.0250292
922.658 0.0250278
923.302 0.0250262
923.946 0.0250245
924.589 0.0250226
925.231 0.0250207
925.873 0.0250185
926.515 0.0250162
927.157 0.0250137
927.798 0.0250111
928.439 0.0250083
929.079 0.0250053
929.719 0.0250022
930.359 0.0249989
930.998 0.0249954
931.637 0.0249917
932.275 0.0249878
932.913 0.0249837
933.551 0.0249795
934.188 0.0249750
934.825 0.0249704
935.462 0.0249655
936.098 0.0249604
936.733 0.0249551
937.369 0.0249497
938.004 0.0249440
938.638 0.0249381
939.273 0.0249319
939.907 0.0249256
940.540 0.0249191
941.173 0.0249123
941.806 0.0249053
942.438 0.0248981
943.070 0.0248907
943.702 0.0248831
944.333 0.0248752
944.964 0.0248671
945.594 0.0248588
946.224 0.0248503
946.854 0.0248416
947.483 0.0248327
948.112 0.0248235
948.741 0.0248141
949.369 0.0248045
949.996 0.0247948
950.624 0.0247847
951.251 0.0247745
951.878 0.0247641
952.504 0.0247534
953.130 0.0247426
953.755 0.0247316
954.380 0.0247203
955.005 0.0247089
955.629 0.0246973
956.253 0.0246854
956.877 0.0246734
957.500 0.0246612
958.123 0.0246488
958.746 0.0246363
959.368 0.0246235
959.990 0.0246106
960.611 0.0245996
961.232 0.0245884
961.853 0.0245770
962.473 0.0245655
963.093 0.0245539
963.712 0.0245420
964.331 0.0245300
964.950 0.0245179
965.569 0.0245056
966.187 0.0244932
966.804 0.0244806
967.422 0.0244679
968.039 0.0244550
968.655 0.0244421
969.272 0.0244290
969.887 0.0244158
970.503 0.0244024
971.118 0.0243890
971.733 0.0243755
972.347 0.0243619
972.961 0.0243481
973.575 0.0243343
974.188 0.0243204
974.801 0.0243064
975.414 0.0242924
976.026 0.0242783
976.638 0.0242641
977.250 0.0242498
977.861 0.0242355
978.472 0.0242212
979.083 0.0242068
979.693 0.0241923
980.303 0.0241778
980.912 0.0241634
981.521 0.0241488
982.130 0.0241343
982.738 0.0241197
983.346 0.0241052
983.954 0.0240906
984.562 0.0240760
985.169 0.0240614
985.775 0.0240469
986.382 0.0240323
986.988 0.0240178
987.594 0.0240033
988.199 0.0239889
988.804 0.0239745
989.409 0.0239601
990.013 0.0239457
990.617 0.0239315
991.221 0.0239172
991.824 0.0239031
992.427 0.0238889
993.030 0.0238749
993.632 0.0238610
994.234 0.0238471
994.836 0.0238333
995.438 0.0238195
996.039 0.0238059
996.640 0.0237924
997.240 0.0237790
997.840 0.0237657
998.440 0.0237524
999.040 0.0237393
999.639 0.0237264
1000.238 0.0237128
1000.836 0.0236983
1001.435 0.0236839
1002.033 0.0236696
1002.630 0.0236555
1003.228 0.0236415
1003.825 0.0236277
1004.422 0.0236140
1005.018 0.0236005
1005.614 0.0235872
1006.210 0.0235740
1006.806 0.0235610
1007.401 0.0235482
1007.996 0.0235355
1008.591 0.0235230
1009.186 0.0235107
1009.780 0.0234985
1010.374 0.0234866
1010.967 0.0234749
1011.561 0.0234633
1012.154 0.0234519
1012.746 0.0234408
1013.339 0.0234298
1013.931 0.0234190
1014.523 0.0234084
1015.115 0.0233981
1015.706 0.0233879
1016.298 0.0233779
1016.888 0.0233682
1017.479 0.0233587
1018.069 0.0233494
1018.660 0.0233403
1019.250 0.0233314
1019.839 0.0233227
1020.429 0.0233143
1021.018 0.0233060
1021.607 0.0232980
1022.195 0.0232903
1022.784 0.0232827
1023.372 0.0232754
1023.960 0.0232683
1024.547 0.0232614
1025.135 0.0232547
1025.722 0.0232483
1026.309 0.0232421
1026.896 0.0232361
1027.483 0.0232304
1028.069 0.0232249
1028.655 0.0232196
1029.241 0.0232145
1029.827 0.0232097
1030.412 0.0232051
1030.997 0.0232007
1031.582 0.0231965
1032.167 0.0231926
1032.752 0.0231889
1033.336 0.0231854
1033.921 0.0231822
1034.505 0.0231792
1035.089 0.0231764
1035.672 0.0231738
1036.256 0.0231714
1036.839 0.0231693
1037.422 0.0231674
1038.005 0.0231657
1038.588 0.0231642
1039.171 0.0231629
1039.753 0.0231618
1040.335 0.0231610
1040.918 0.0231604
1041.500 0.0231599
1042.081 0.0231597
1042.663 0.0231597
1043.244 0.0231599
1043.826 0.0231603
1044.407 0.0231609
1044.988 0.0231617
1045.569 0.0231627
1046.150 0.0231638
1046.730 0.0231652
1047.311 0.0231668
1047.891 0.0231685
1048.471 0.0231704
1049.052 0.0231725
1049.632 0.0231748
1050.211 0.0231773
1050.791 0.0231799
1051.371 0.0231828
1051.950 0.0231857
1052.530 0.0231889
1053.109 0.0231922
1053.688 0.0231957
1054.268 0.0231993
1054.847 0.0232031
1055.426 0.0232070
1056.005 0.0232111
1056.583 0.0232153
1057.162 0.0232197
1057.741 0.0232242
1058.319 0.0232288
1058.898 0.0232336
1059.476 0.0232385
1060.055 0.0232435
1060.633 0.0232487
1061.211 0.0232540
1061.790 0.0232593
1062.368 0.0232648
1062.946 0.0232705
1063.524 0.0232762
1064.102 0.0232820
1064.680 0.0232879
1065.258 0.0232939
1065.836 0.0233000
1066.414 0.0233062
1066.992 0.0233125
1067.570 0.0233188
1068.148 0.0233253
1068.726 0.0233318
1069.304 0.0233384
1069.882 0.0233450
1070.460 0.0233517
1071.038 0.0233585
1071.616 0.0233653
1072.194 0.0233722
1072.772 0.0233791
1073.350 0.0233861
1073.928 0.0233931
1074.506 0.0234001
1075.084 0.0234072
1075.662 0.0234143
1076.240 0.0234214
1076.819 0.0234286
1077.397 0.0234357
1077.976 0.0234429
1078.554 0.0234501
1079.133 0.0234573
1079.711 0.0234645
1080.290 0.0234717
1080.869 0.0234789
1081.448 0.0234860
1082.027 0.0234932
1082.606 0.0235004
1083.185 0.0235075
1083.764 0.0235146
1084.343 0.0235217
1084.923 0.0235287
1085.502 0.0235358
1086.082 0.0235427
1086.662 0.0235497
1087.242 0.0235566
1087.822 0.0235634
1088.402 0.0235702
1088.983 0.0235769
1089.563 0.0235836
1090.144 0.0235902
1090.725 0.0235967
1091.306 0.0236032
1091.887 0.0236096
1092.469 0.0236159
1093.050 0.0236221
1093.632 0.0236283
1094.214 0.0236343
1094.796 0.0236403
1095.379 0.0236462
1095.961 0.0236520
1096.544 0.0236576
1097.127 0.0236632
1097.710 0.0236687
1098.294 0.0236740
1098.877 0.0236793
1099.461 0.0236844
1100.046 0.0236894
1100.630 0.0236943
1101.215 0.0236990
1101.800 0.0237036
1102.385 0.0237081
1102.970 0.0237124
1103.556 0.0237167
1104.142 0.0237207
1104.728 0.0237246
1105.315 0.0237284
1105.902 0.0237320
1106.489 0.0237355
1107.077 0.0237388
1107.664 0.0237420
1108.253 0.0237450
1108.841 0.0237478
1109.430 0.0237505
1110.019 0.0237530
1110.609 0.0237553
1111.198 0.0237575
1111.789 0.0237595
1112.379 0.0237613
1112.970 0.0237629
1113.561 0.0237643
1114.153 0.0237656
1114.745 0.0237666
1115.338 0.0237675
1115.931 0.0237682
1116.524 0.0237687
1117.117 0.0237690
1117.712 0.0237691
1118.306 0.0237690
1118.901 0.0237687
1119.496 0.0237682
1120.092 0.0237675
1120.689 0.0237665
1121.285 0.0237654
1121.882 0.0237641
1122.480 0.0237625
1123.078 0.0237608
1123.677 0.0237588
1124.276 0.0237566
1124.875 0.0237542
1125.476 0.0237516
1126.076 0.0237487
1126.677 0.0237457
1127.279 0.0237424
1127.881 0.0237389
1128.484 0.0237352
1129.087 0.0237312
1129.691 0.0237270
1130.295 0.0237226
1130.900 0.0237180
1131.505 0.0237131
1132.111 0.0237080
1132.718 0.0237027
1133.325 0.0236972
1133.933 0.0236914
1134.541 0.0236854
1135.150 0.0236791
1135.760 0.0236726
1136.370 0.0236659
1136.981 0.0236590
1137.592 0.0236518
1138.204 0.0236444
1138.817 0.0236368
1139.431 0.0236289
1140.045 0.0236208
1140.660 0.0236125
1141.275 0.0236039
1141.891 0.0235951
1142.508 0.0235861
1143.126 0.0235768
1143.744 0.0235673
1144.363 0.0235576
1144.983 0.0235476
