432.689 0.0467811
433.621 0.0466390
434.552 0.0464982
435.482 0.0463587
436.410 0.0462207
437.337 0.0460840
438.262 0.0459488
439.187 0.0458147
440.110 0.0456820
441.031 0.0455506
441.952 0.0454204
442.871 0.0452915
443.789 0.0451638
444.705 0.0450374
445.621 0.0449120
446.535 0.0447879
447.447 0.0446651
448.359 0.0445432
449.269 0.0444226
450.178 0.0443031
451.086 0.0441846
451.993 0.0440672
452.898 0.0439509
453.803 0.0438356
454.706 0.0437214
455.608 0.0436082
456.508 0.0434961
457.408 0.0433849
458.306 0.0432747
459.204 0.0431654
460.100 0.0430571
460.995 0.0429498
461.888 0.0428435
462.781 0.0427380
463.673 0.0426333
464.563 0.0425297
465.452 0.0424269
466.340 0.0423250
467.228 0.0422238
468.114 0.0421236
468.999 0.0420242
469.882 0.0419257
470.765 0.0418280
471.647 0.0417310
472.528 0.0416348
473.407 0.0415395
474.286 0.0414449
475.163 0.0413512
476.040 0.0412581
476.915 0.0411659
477.790 0.0410743
478.663 0.0409835
479.535 0.0408935
480.407 0.0408041
481.277 0.0407155
482.147 0.0406275
483.015 0.0405403
483.883 0.0404537
484.749 0.0403678
485.615 0.0402826
486.479 0.0401981
487.343 0.0401141
488.206 0.0400308
489.067 0.0399483
489.928 0.0398663
490.788 0.0397849
491.647 0.0397041
492.505 0.0396240
493.362 0.0395444
494.218 0.0394654
495.073 0.0393871
495.928 0.0393092
496.781 0.0392319
497.634 0.0391552
498.486 0.0390790
499.337 0.0390034
500.187 0.0389283
501.036 0.0388537
501.884 0.0387797
502.731 0.0387063
503.578 0.0386332
504.424 0.0385607
505.268 0.0384888
506.113 0.0384172
506.956 0.0383463
507.798 0.0382758
508.640 0.0382057
509.480 0.0381362
510.320 0.0380672
511.160 0.0379985
511.998 0.0379305
512.836 0.0378628
513.672 0.0377957
514.508 0.0377289
515.344 0.0376626
516.178 0.0375969
517.012 0.0375315
517.845 0.0374666
518.677 0.0374021
519.508 0.0373382
520.339 0.0372746
521.169 0.0372114
521.998 0.0371487
522.826 0.0370864
523.654 0.0370245
524.481 0.0369631
525.307 0.0369021
526.133 0.0368414
526.958 0.0367811
527.782 0.0367213
528.605 0.0366618
529.428 0.0366027
530.250 0.0365440
531.072 0.0364856
531.892 0.0364277
532.712 0.0363701
533.532 0.0363128
534.350 0.0362559
535.168 0.0361993
535.986 0.0361431
536.802 0.0360872
537.618 0.0360316
538.434 0.0359763
539.249 0.0359213
540.063 0.0358667
540.876 0.0358124
541.689 0.0357583
542.501 0.0357046
543.313 0.0356511
544.124 0.0355979
544.934 0.0355451
545.744 0.0354925
546.553 0.0354402
547.361 0.0353883
548.169 0.0353365
548.976 0.0352851
549.783 0.0352339
550.589 0.0351831
551.395 0.0351324
552.200 0.0350821
553.004 0.0350321
553.808 0.0349824
554.611 0.0349329
555.414 0.0348837
556.216 0.0348349
557.018 0.0347862
557.819 0.0347379
558.619 0.0346899
559.419 0.0346422
560.218 0.0345948
561.017 0.0345476
561.815 0.0345008
562.613 0.0344542
563.410 0.0344079
564.207 0.0343619
565.003 0.0343162
565.799 0.0342708
566.594 0.0342257
567.388 0.0341809
568.182 0.0341363
568.976 0.0340920
569.769 0.0340480
570.562 0.0340042
571.354 0.0339608
572.145 0.0339176
572.936 0.0338746
573.727 0.0338319
574.517 0.0337895
575.307 0.0337472
576.096 0.0337053
576.885 0.0336635
577.673 0.0336220
578.461 0.0335807
579.248 0.0335396
580.035 0.0334987
580.821 0.0334580
581.607 0.0334175
582.392 0.0333772
583.177 0.0333371
583.962 0.0332971
584.746 0.0332573
585.529 0.0332177
586.313 0.0331782
587.095 0.0331389
587.878 0.0330997
588.660 0.0330607
589.441 0.0330218
590.222 0.0329831
591.003 0.0329445
591.783 0.0329060
592.563 0.0328676
593.342 0.0328294
594.121 0.0327914
594.899 0.0327534
595.678 0.0327156
596.455 0.0326779
597.233 0.0326403
598.009 0.0326029
598.786 0.0325656
599.562 0.0325285
600.338 0.0324914
601.113 0.0324546
601.888 0.0324179
602.663 0.0323813
603.437 0.0323449
604.211 0.0323086
604.984 0.0322725
605.757 0.0322366
606.530 0.0322009
607.302 0.0321653
608.074 0.0321299
608.845 0.0320948
609.616 0.0320598
610.387 0.0320250
611.158 0.0319904
611.928 0.0319560
612.697 0.0319218
613.467 0.0318879
614.236 0.0318541
615.004 0.0318206
615.773 0.0317873
616.541 0.0317542
617.308 0.0317214
618.076 0.0316887
618.843 0.0316563
619.609 0.0316242
620.375 0.0315923
621.141 0.0315605
621.907 0.0315290
622.672 0.0314978
623.437 0.0314667
624.202 0.0314359
624.966 0.0314053
625.730 0.0313749
626.493 0.0313447
627.257 0.0313146
628.020 0.0312848
628.782 0.0312552
629.545 0.0312257
630.307 0.0311965
631.068 0.0311674
631.830 0.0311384
632.591 0.0311096
633.352 0.0310809
634.112 0.0310524
634.872 0.0310240
635.632 0.0309957
636.392 0.0309675
637.151 0.0309394
637.910 0.0309114
638.668 0.0308836
639.427 0.0308557
640.185 0.0308279
640.943 0.0308002
641.700 0.0307726
642.457 0.0307450
643.214 0.0307174
643.971 0.0306899
644.727 0.0306624
645.483 0.0306349
646.239 0.0306074
646.994 0.0305799
647.750 0.0305525
648.505 0.0305250
649.259 0.0304976
650.014 0.0304701
650.768 0.0304426
651.521 0.0304152
652.275 0.0303877
653.028 0.0303603
653.781 0.0303328
654.534 0.0303053
655.286 0.0302779
656.039 0.0302504
656.791 0.0302229
657.542 0.0301955
658.294 0.0301680
659.045 0.0301406
659.796 0.0301132
660.546 0.0300859
661.297 0.0300586
662.047 0.0300313
662.796 0.0300041
663.546 0.0299769
664.295 0.0299499
665.044 0.0299229
665.793 0.0298959
666.542 0.0298691
667.290 0.0298423
668.038 0.0298157
668.786 0.0297892
669.533 0.0297629
670.281 0.0297366
671.028 0.0297105
671.774 0.0296846
672.521 0.0296588
673.267 0.0296332
674.013 0.0296078
674.759 0.0295825
675.505 0.0295574
676.250 0.0295326
676.995 0.0295079
677.740 0.0294835
678.484 0.0294593
679.229 0.0294352
679.973 0.0294115
680.717 0.0293879
681.460 0.0293646
682.204 0.0293415
682.947 0.0293186
683.690 0.0292960
684.433 0.0292736
685.175 0.0292515
685.917 0.0292296
686.659 0.0292080
687.401 0.0291865
688.142 0.0291654
688.884 0.0291444
689.625 0.0291236
690.365 0.0291031
691.106 0.0290828
691.846 0.0290627
692.586 0.0290428
693.326 0.0290232
694.066 0.0290036
694.805 0.0289843
695.545 0.0289652
696.284 0.0289462
697.022 0.0289274
697.761 0.0289087
698.499 0.0288902
699.237 0.0288717
699.975 0.0288534
700.713 0.0288352
701.450 0.0288171
702.187 0.0287991
702.924 0.0287812
703.661 0.0287633
704.397 0.0287455
705.133 0.0287277
705.869 0.0287099
706.605 0.0286922
707.341 0.0286744
708.076 0.0286567
708.811 0.0286389
709.546 0.0286212
710.281 0.0286033
711.015 0.0285855
711.749 0.0285676
712.483 0.0285496
713.217 0.0285315
713.950 0.0285134
714.684 0.0284952
715.417 0.0284769
716.150 0.0284584
716.882 0.0284399
717.615 0.0284213
718.347 0.0284025
719.079 0.0283837
719.811 0.0283647
720.542 0.0283456
721.273 0.0283263
722.005 0.0283069
722.735 0.0282874
723.466 0.0282678
724.196 0.0282480
724.927 0.0282281
725.656 0.0282081
726.386 0.0281879
727.116 0.0281676
727.845 0.0281472
728.574 0.0281267
729.303 0.0281060
730.031 0.0280853
730.760 0.0280645
731.488 0.0280435
732.216 0.0280225
732.944 0.0280014
733.671 0.0279803
734.398 0.0279590
735.125 0.0279378
735.852 0.0279164
736.579 0.0278951
737.305 0.0278737
738.031 0.0278523
738.757 0.0278309
739.483 0.0278095
740.208 0.0277882
740.933 0.0277668
741.658 0.0277455
742.383 0.0277243
743.108 0.0277031
743.832 0.0276820
744.556 0.0276610
745.280 0.0276401
746.004 0.0276193
746.727 0.0275987
747.450 0.0275782
748.173 0.0275578
748.896 0.0275375
749.618 0.0275175
750.340 0.0274976
751.062 0.0274779
751.784 0.0274585
752.506 0.0274392
753.227 0.0274201
753.948 0.0274013
754.669 0.0273827
755.389 0.0273643
756.110 0.0273462
756.830 0.0273284
757.550 0.0273108
758.269 0.0272935
758.989 0.0272764
759.708 0.0272596
760.427 0.0272432
761.146 0.0272269
761.864 0.0272110
762.582 0.0271954
763.300 0.0271801
764.018 0.0271651
764.736 0.0271503
765.453 0.0271359
766.170 0.0271217
766.887 0.0271078
767.603 0.0270943
768.320 0.0270810
769.036 0.0270680
769.751 0.0270552
770.467 0.0270428
771.182 0.0270306
771.897 0.0270187
772.612 0.0270070
773.327 0.0269956
774.041 0.0269844
774.755 0.0269735
775.469 0.0269628
776.183 0.0269523
776.896 0.0269420
777.609 0.0269319
778.322 0.0269220
779.035 0.0269123
779.747 0.0269028
780.459 0.0268934
781.171 0.0268841
781.882 0.0268750
782.594 0.0268660
783.305 0.0268572
784.016 0.0268484
784.726 0.0268397
785.436 0.0268311
786.147 0.0268226
786.856 0.0268141
787.566 0.0268056
788.275 0.0267972
788.984 0.0267887
789.693 0.0267803
790.401 0.0267719
791.110 0.0267634
791.818 0.0267549
792.525 0.0267463
793.233 0.0267377
793.940 0.0267290
794.647 0.0267202
795.353 0.0267114
796.060 0.0267024
796.766 0.0266933
797.472 0.0266840
798.177 0.0266747
798.883 0.0266651
799.588 0.0266554
800.292 0.0266456
800.997 0.0266356
801.701 0.0266254
802.405 0.0266150
803.109 0.0266043
803.812 0.0265935
804.515 0.0265825
805.218 0.0265713
805.921 0.0265598
806.623 0.0265481
807.325 0.0265362
808.027 0.0265241
808.728 0.0265117
809.429 0.0264991
810.130 0.0264862
810.831 0.0264731
811.531 0.0264597
812.231 0.0264461
812.931 0.0264323
813.630 0.0264182
814.330 0.0264038
815.029 0.0263892
815.727 0.0263744
816.426 0.0263594
817.124 0.0263441
817.821 0.0263286
818.519 0.0263128
819.216 0.0262969
819.913 0.0262807
820.609 0.0262643
821.306 0.0262477
822.002 0.0262310
822.697 0.0262140
823.393 0.0261969
824.088 0.0261796
824.783 0.0261621
825.477 0.0261445
826.171 0.0261267
826.865 0.0261088
827.559 0.0260907
828.252 0.0260726
828.945 0.0260543
829.638 0.0260359
830.330 0.0260175
831.023 0.0259989
831.714 0.0259804
832.406 0.0259617
833.097 0.0259431
833.788 0.0259243
834.479 0.0259056
835.169 0.0258869
835.859 0.0258682
836.548 0.0258495
837.238 0.0258308
837.927 0.0258122
838.615 0.0257936
839.304 0.0257751
839.992 0.0257567
840.680 0.0257383
841.367 0.0257201
842.054 0.0257020
842.741 0.0256840
843.428 0.0256661
844.114 0.0256484
844.800 0.0256309
845.485 0.0256135
846.170 0.0255963
846.855 0.0255793
847.540 0.0255625
848.224 0.0255459
848.908 0.0255295
849.592 0.0255133
850.275 0.0254974
850.958 0.0254817
851.641 0.0254663
852.323 0.0254512
853.005 0.0254363
853.687 0.0254217
854.368 0.0254074
855.049 0.0253934
855.730 0.0253796
856.410 0.0253662
857.090 0.0253531
857.769 0.0253403
858.449 0.0253278
859.128 0.0253157
859.806 0.0253039
860.485 0.0252923
861.163 0.0252812
861.840 0.0252703
862.518 0.0252598
863.195 0.0252497
863.871 0.0252398
864.548 0.0252303
865.224 0.0252212
865.899 0.0252124
866.574 0.0252039
867.249 0.0251958
867.924 0.0251880
868.598 0.0251805
869.272 0.0251734
869.946 0.0251666
870.619 0.0251601
871.292 0.0251539
871.964 0.0251481
872.636 0.0251425
873.308 0.0251373
873.979 0.0251324
874.651 0.0251278
875.321 0.0251234
875.992 0.0251194
876.662 0.0251156
877.331 0.0251121
878.001 0.0251089
878.670 0.0251059
879.338 0.0251032
880.007 0.0251007
880.675 0.0250985
881.342 0.0250965
882.009 0.0250947
882.676 0.0250931
883.343 0.0250917
884.009 0.0250905
884.675 0.0250894
885.340 0.0250886
886.005 0.0250879
886.670 0.0250873
887.334 0.0250869
887.998 0.0250867
888.662 0.0250865
889.325 0.0250864
889.988 0.0250865
890.650 0.0250866
891.312 0.0250868
891.974 0.0250871
892.636 0.0250874
893.297 0.0250878
893.957 0.0250882
894.618 0.0250886
895.278 0.0250891
895.937 0.0250895
896.596 0.0250899
897.255 0.0250903
897.914 0.0250907
898.572 0.0250910
899.230 0.0250913
899.887 0.0250915
900.544 0.0250917
901.201 0.0250918
901.857 0.0250917
902.513 0.0250916
903.168 0.0250914
903.823 0.0250910
904.478 0.0250905
905.132 0.0250899
905.786 0.0250891
906.440 0.0250881
907.093 0.0250870
907.746 0.0250858
908.399 0.0250843
909.051 0.0250827
909.703 0.0250808
910.354 0.0250788
911.005 0.0250765
911.656 0.0250740
912.306 0.0250713
912.956 0.0250684
913.605 0.0250652
914.254 0.0250618
914.903 0.0250581
915.551 0.0250542
916.199 0.0250501
916.847 0.0250456
917.494 0.0250409
918.141 0.0250360
918.788 0.0250307
919.434 0.0250252
920.079 0.0250194
920.725 0.0250133
921.370 0.0250070
922.014 0.0250003
922.658 0.0249934
923.302 0.0249862
923.946 0.0249786
924.589 0.0249708
925.231 0.0249627
925.873 0.0249543
926.515 0.0249457
927.157 0.0249367
927.798 0.0249274
928.439 0.0249178
929.079 0.0249080
929.719 0.0248978
930.359 0.0248874
930.998 0.0248767
931.637 0.0248657
932.275 0.0248545
932.913 0.0248429
933.551 0.0248311
934.188 0.0248190
934.825 0.0248067
935.462 0.0247940
936.098 0.0247812
936.733 0.0247681
937.369 0.0247547
938.004 0.0247411
938.638 0.0247273
939.273 0.0247132
939.907 0.0246988
940.540 0.0246843
941.173 0.0246696
941.806 0.0246546
942.438 0.0246395
943.070 0.0246241
943.702 0.0246086
944.333 0.0245928
944.964 0.0245769
945.594 0.0245609
946.224 0.0245446
946.854 0.0245282
947.483 0.0245117
948.112 0.0244950
948.741 0.0244782
949.369 0.0244613
949.996 0.0244443
950.624 0.0244271
951.251 0.0244098
951.878 0.0243925
952.504 0.0243750
953.130 0.0243575
953.755 0.0243400
954.380 0.0243224
955.005 0.0243047
955.629 0.0242870
956.253 0.0242692
956.877 0.0242514
957.500 0.0242336
958.123 0.0242158
958.746 0.0241980
959.368 0.0241802
959.990 0.0241624
960.611 0.0241467
961.232 0.0241310
961.853 0.0241154
962.473 0.0240998
963.093 0.0240842
963.712 0.0240688
964.331 0.0240533
964.950 0.0240380
965.569 0.0240227
966.187 0.0240075
966.804 0.0239925
967.422 0.0239775
968.039 0.0239626
968.655 0.0239479
969.272 0.0239333
969.887 0.0239188
970.503 0.0239045
971.118 0.0238903
971.733 0.0238763
972.347 0.0238624
972.961 0.0238488
973.575 0.0238352
974.188 0.0238219
974.801 0.0238088
975.414 0.0237958
976.026 0.0237831
976.638 0.0237705
977.250 0.0237582
977.861 0.0237461
978.472 0.0237342
979.083 0.0237226
979.693 0.0237112
980.303 0.0237000
980.912 0.0236890
981.521 0.0236784
982.130 0.0236679
982.738 0.0236577
983.346 0.0236478
983.954 0.0236382
984.562 0.0236288
985.169 0.0236197
985.775 0.0236108
986.382 0.0236022
986.988 0.0235940
987.594 0.0235860
988.199 0.0235782
988.804 0.0235708
989.409 0.0235637
990.013 0.0235568
990.617 0.0235503
991.221 0.0235440
991.824 0.0235380
992.427 0.0235324
993.030 0.0235270
993.632 0.0235219
994.234 0.0235172
994.836 0.0235127
995.438 0.0235085
996.039 0.0235046
996.640 0.0235011
997.240 0.0234978
997.840 0.0234948
998.440 0.0234922
999.040 0.0234898
999.639 0.0234877
1000.238 0.0234852
1000.836 0.0234821
1001.435 0.0234792
1002.033 0.0234765
1002.630 0.0234742
1003.228 0.0234722
1003.825 0.0234705
1004.422 0.0234691
1005.018 0.0234679
1005.614 0.0234671
1006.210 0.0234665
1006.806 0.0234662
1007.401 0.0234662
1007.996 0.0234664
1008.591 0.0234669
1009.186 0.0234677
1009.780 0.0234688
1010.374 0.0234701
1010.967 0.0234716
1011.561 0.0234734
1012.154 0.0234755
1012.746 0.0234778
1013.339 0.0234803
1013.931 0.0234830
1014.523 0.0234860
1015.115 0.0234892
1015.706 0.0234927
1016.298 0.0234963
1016.888 0.0235001
1017.479 0.0235042
1018.069 0.0235084
1018.660 0.0235129
1019.250 0.0235175
1019.839 0.0235223
1020.429 0.0235273
1021.018 0.0235324
1021.607 0.0235377
1022.195 0.0235432
1022.784 0.0235488
1023.372 0.0235546
1023.960 0.0235605
1024.547 0.0235666
1025.135 0.0235727
1025.722 0.0235790
1026.309 0.0235855
1026.896 0.0235920
1027.483 0.0235986
1028.069 0.0236053
1028.655 0.0236122
1029.241 0.0236191
1029.827 0.0236261
1030.412 0.0236331
1030.997 0.0236402
1031.582 0.0236474
1032.167 0.0236546
1032.752 0.0236619
1033.336 0.0236692
1033.921 0.0236766
1034.505 0.0236840
1035.089 0.0236914
1035.672 0.0236988
1036.256 0.0237063
1036.839 0.0237137
1037.422 0.0237211
1038.005 0.0237286
1038.588 0.0237360
1039.171 0.0237434
1039.753 0.0237507
1040.335 0.0237581
1040.918 0.0237654
1041.500 0.0237726
1042.081 0.0237798
1042.663 0.0237869
1043.244 0.0237940
1043.826 0.0238010
1044.407 0.0238079
1044.988 0.0238147
1045.569 0.0238215
1046.150 0.0238281
1046.730 0.0238347
1047.311 0.0238412
1047.891 0.0238475
1048.471 0.0238537
1049.052 0.0238598
1049.632 0.0238658
1050.211 0.0238717
1050.791 0.0238774
1051.371 0.0238830
1051.950 0.0238884
1052.530 0.0238937
1053.109 0.0238988
1053.688 0.0239037
1054.268 0.0239086
1054.847 0.0239132
1055.426 0.0239176
1056.005 0.0239219
1056.583 0.0239260
1057.162 0.0239299
1057.741 0.0239336
1058.319 0.0239371
1058.898 0.0239404
1059.476 0.0239435
1060.055 0.0239465
1060.633 0.0239492
1061.211 0.0239516
1061.790 0.0239539
1062.368 0.0239559
1062.946 0.0239578
1063.524 0.0239594
1064.102 0.0239607
1064.680 0.0239618
1065.258 0.0239627
1065.836 0.0239634
1066.414 0.0239638
1066.992 0.0239640
1067.570 0.0239639
1068.148 0.0239636
1068.726 0.0239630
1069.304 0.0239621
1069.882 0.0239611
1070.460 0.0239597
1071.038 0.0239581
1071.616 0.0239562
1072.194 0.0239541
1072.772 0.0239517
1073.350 0.0239491
1073.928 0.0239462
1074.506 0.0239430
1075.084 0.0239395
1075.662 0.0239358
1076.240 0.0239318
1076.819 0.0239275
1077.397 0.0239230
1077.976 0.0239182
1078.554 0.0239131
1079.133 0.0239078
1079.711 0.0239021
1080.290 0.0238962
1080.869 0.0238901
1081.448 0.0238836
1082.027 0.0238769
1082.606 0.0238699
1083.185 0.0238627
1083.764 0.0238552
1084.343 0.0238474
1084.923 0.0238393
1085.502 0.0238310
1086.082 0.0238224
1086.662 0.0238135
1087.242 0.0238044
1087.822 0.0237950
1088.402 0.0237854
1088.983 0.0237754
1089.563 0.0237653
1090.144 0.0237548
1090.725 0.0237442
1091.306 0.0237332
1091.887 0.0237220
1092.469 0.0237106
1093.050 0.0236989
1093.632 0.0236870
1094.214 0.0236748
1094.796 0.0236624
1095.379 0.0236498
1095.961 0.0236369
1096.544 0.0236238
1097.127 0.0236104
1097.710 0.0235969
1098.294 0.0235831
1098.877 0.0235691
1099.461 0.0235549
1100.046 0.0235404
1100.630 0.0235258
1101.215 0.0235109
1101.800 0.0234958
1102.385 0.0234806
1102.970 0.0234651
1103.556 0.0234495
1104.142 0.0234336
1104.728 0.0234176
1105.315 0.0234014
1105.902 0.0233850
1106.489 0.0233685
1107.077 0.0233517
1107.664 0.0233349
1108.253 0.0233178
1108.841 0.0233006
1109.430 0.0232833
1110.019 0.0232658
1110.609 0.0232481
1111.198 0.0232304
1111.789 0.0232124
1112.379 0.0231944
1112.970 0.0231762
1113.561 0.0231580
1114.153 0.0231395
1114.745 0.0231210
1115.338 0.0231024
1115.931 0.0230837
1116.524 0.0230649
1117.117 0.0230460
1117.712 0.0230270
1118.306 0.0230080
1118.901 0.0229888
1119.496 0.0229696
1120.092 0.0229504
1120.689 0.0229310
1121.285 0.0229117
1121.882 0.0228922
1122.480 0.0228728
1123.078 0.0228533
1123.677 0.0228337
1124.276 0.0228142
1124.875 0.0227946
1125.476 0.0227750
1126.076 0.0227554
1126.677 0.0227358
1127.279 0.0227162
1127.881 0.0226966
1128.484 0.0226770
1129.087 0.0226574
1129.691 0.0226379
1130.295 0.0226184
1130.900 0.0225989
1131.505 0.0225795
1132.111 0.0225601
1132.718 0.0225407
1133.325 0.0225215
1133.933 0.0225023
1134.541 0.0224831
1135.150 0.0224641
1135.760 0.0224451
1136.370 0.0224262
1136.981 0.0224074
1137.592 0.0223887
1138.204 0.0223701
1138.817 0.0223516
1139.431 0.0223332
1140.045 0.0223149
1140.660 0.0222968
1141.275 0.0222788
1141.891 0.0222610
1142.508 0.0222432
1143.126 0.0222257
1143.744 0.0222083
1144.363 0.0221910
1144.983 0.0221739
