432.689 0.0469174
433.621 0.0467747
434.552 0.0466334
435.482 0.0464934
436.410 0.0463549
437.337 0.0462177
438.262 0.0460819
439.187 0.0459473
440.110 0.0458141
441.031 0.0456822
441.952 0.0455515
442.871 0.0454221
443.789 0.0452939
444.705 0.0451670
445.621 0.0450411
446.535 0.0449165
447.447 0.0447932
448.359 0.0446708
449.269 0.0445497
450.178 0.0444297
451.086 0.0443107
451.993 0.0441928
452.898 0.0440761
453.803 0.0439603
454.706 0.0438456
455.608 0.0437320
456.508 0.0436194
457.408 0.0435077
458.306 0.0433971
459.204 0.0432874
460.100 0.0431787
460.995 0.0430709
461.888 0.0429642
462.781 0.0428582
463.673 0.0427532
464.563 0.0426491
465.452 0.0425459
466.340 0.0424436
467.228 0.0423420
468.114 0.0422414
468.999 0.0421416
469.882 0.0420427
470.765 0.0419445
471.647 0.0418472
472.528 0.0417506
473.407 0.0416549
474.286 0.0415599
475.163 0.0414657
476.040 0.0413722
476.915 0.0412796
477.790 0.0411876
478.663 0.0410964
479.535 0.0410060
480.407 0.0409162
481.277 0.0408271
482.147 0.0407387
483.015 0.0406511
483.883 0.0405641
484.749 0.0404779
485.615 0.0403922
486.479 0.0403073
487.343 0.0402230
488.206 0.0401393
489.067 0.0400564
489.928 0.0399740
490.788 0.0398923
491.647 0.0398111
492.505 0.0397306
493.362 0.0396507
494.218 0.0395714
495.073 0.0394927
495.928 0.0394145
496.781 0.0393370
497.634 0.0392599
498.486 0.0391835
499.337 0.0391075
500.187 0.0390322
501.036 0.0389573
501.884 0.0388831
502.731 0.0388093
503.578 0.0387360
504.424 0.0386632
505.268 0.0385910
506.113 0.0385192
506.956 0.0384479
507.798 0.0383771
508.640 0.0383068
509.480 0.0382370
510.320 0.0381676
511.160 0.0380987
511.998 0.0380303
512.836 0.0379623
513.672 0.0378948
514.508 0.0378278
515.344 0.0377611
516.178 0.0376950
517.012 0.0376292
517.845 0.0375639
518.677 0.0374991
519.508 0.0374347
520.339 0.0373708
521.169 0.0373072
521.998 0.0372441
522.826 0.0371815
523.654 0.0371192
524.481 0.0370574
525.307 0.0369960
526.133 0.0369349
526.958 0.0368743
527.782 0.0368141
528.605 0.0367544
529.428 0.0366950
530.250 0.0366359
531.072 0.0365773
531.892 0.0365191
532.712 0.0364612
533.532 0.0364036
534.350 0.0363466
535.168 0.0362898
535.986 0.0362333
536.802 0.0361772
537.618 0.0361215
538.434 0.0360660
539.249 0.0360109
540.063 0.0359562
540.876 0.0359017
541.689 0.0358476
542.501 0.0357937
543.313 0.0357402
544.124 0.0356869
544.934 0.0356340
545.744 0.0355813
546.553 0.0355289
547.361 0.0354768
548.169 0.0354250
548.976 0.0353735
549.783 0.0353221
550.589 0.0352711
551.395 0.0352204
552.200 0.0351699
553.004 0.0351197
553.808 0.0350697
554.611 0.0350200
555.414 0.0349706
556.216 0.0349214
557.018 0.0348725
557.819 0.0348239
558.619 0.0347755
559.419 0.0347274
560.218 0.0346796
561.017 0.0346321
561.815 0.0345848
562.613 0.0345378
563.410 0.0344911
564.207 0.0344446
565.003 0.0343985
565.799 0.0343526
566.594 0.0343070
567.388 0.0342617
568.182 0.0342167
568.976 0.0341719
569.769 0.0341274
570.562 0.0340832
571.354 0.0340393
572.145 0.0339956
572.936 0.0339523
573.727 0.0339091
574.517 0.0338663
575.307 0.0338237
576.096 0.0337814
576.885 0.0337394
577.673 0.0336976
578.461 0.0336560
579.248 0.0336147
580.035 0.0335737
580.821 0.0335328
581.607 0.0334922
582.392 0.0334519
583.177 0.0334117
583.962 0.0333717
584.746 0.0333319
585.529 0.0332924
586.313 0.0332529
587.095 0.0332138
587.878 0.0331747
588.660 0.0331358
589.441 0.0330971
590.222 0.0330586
591.003 0.0330201
591.783 0.0329819
592.563 0.0329438
593.342 0.0329058
594.121 0.0328679
594.899 0.0328302
595.678 0.0327926
596.455 0.0327551
597.233 0.0327177
598.009 0.0326805
598.786 0.0326433
599.562 0.0326063
600.338 0.0325694
601.113 0.0325326
601.888 0.0324959
602.663 0.0324594
603.437 0.0324229
604.211 0.0323866
604.984 0.0323504
605.757 0.0323144
606.530 0.0322784
607.302 0.0322426
608.074 0.0322070
608.845 0.0321715
609.616 0.0321361
610.387 0.0321009
611.158 0.0320658
611.928 0.0320310
612.697 0.0319963
613.467 0.0319617
614.236 0.0319274
615.004 0.0318932
615.773 0.0318592
616.541 0.0318254
617.308 0.0317919
618.076 0.0317585
618.843 0.0317253
619.609 0.0316924
620.375 0.0316597
621.141 0.0316272
621.907 0.0315949
622.672 0.0315628
623.437 0.0315310
624.202 0.0314994
624.966 0.0314680
625.730 0.0314369
626.493 0.0314060
627.257 0.0313752
628.020 0.0313448
628.782 0.0313146
629.545 0.0312845
630.307 0.0312547
631.068 0.0312251
631.830 0.0311957
632.591 0.0311665
633.352 0.0311375
634.112 0.0311087
634.872 0.0310801
635.632 0.0310516
636.392 0.0310233
637.151 0.0309952
637.910 0.0309673
638.668 0.0309395
639.427 0.0309118
640.185 0.0308842
640.943 0.0308568
641.700 0.0308294
642.457 0.0308022
643.214 0.0307751
643.971 0.0307480
644.727 0.0307210
645.483 0.0306941
646.239 0.0306673
646.994 0.0306405
647.750 0.0306137
648.505 0.0305869
649.259 0.0305602
650.014 0.0305335
650.768 0.0305069
651.521 0.0304802
652.275 0.0304535
653.028 0.0304269
653.781 0.0304002
654.534 0.0303735
655.286 0.0303468
656.039 0.0303201
656.791 0.0302934
657.542 0.0302666
658.294 0.0302399
659.045 0.0302131
659.796 0.0301863
660.546 0.0301595
661.297 0.0301326
662.047 0.0301058
662.796 0.0300790
663.546 0.0300521
664.295 0.0300253
665.044 0.0299985
665.793 0.0299716
666.542 0.0299448
667.290 0.0299181
668.038 0.0298913
668.786 0.0298646
669.533 0.0298380
670.281 0.0298114
671.028 0.0297849
671.774 0.0297585
672.521 0.0297321
673.267 0.0297058
674.013 0.0296797
674.759 0.0296536
675.505 0.0296276
676.250 0.0296019
676.995 0.0295762
677.740 0.0295507
678.484 0.0295253
679.229 0.0295001
679.973 0.0294751
680.717 0.0294503
681.460 0.0294257
682.204 0.0294012
682.947 0.0293770
683.690 0.0293529
684.433 0.0293291
685.175 0.0293056
685.917 0.0292822
686.659 0.0292591
687.401 0.0292362
688.142 0.0292136
688.884 0.0291911
689.625 0.0291690
690.365 0.0291471
691.106 0.0291254
691.846 0.0291040
692.586 0.0290828
693.326 0.0290619
694.066 0.0290412
694.805 0.0290207
695.545 0.0290005
696.284 0.0289805
697.022 0.0289608
697.761 0.0289412
698.499 0.0289219
699.237 0.0289028
699.975 0.0288838
700.713 0.0288651
701.450 0.0288466
702.187 0.0288282
702.924 0.0288100
703.661 0.0287920
704.397 0.0287741
705.133 0.0287563
705.869 0.0287387
706.605 0.0287212
707.341 0.0287037
708.076 0.0286864
708.811 0.0286692
709.546 0.0286520
710.281 0.0286349
711.015 0.0286179
711.749 0.0286008
712.483 0.0285838
713.217 0.0285668
713.950 0.0285498
714.684 0.0285328
715.417 0.0285158
716.150 0.0284987
716.882 0.0284816
717.615 0.0284645
718.347 0.0284473
719.079 0.0284300
719.811 0.0284126
720.542 0.0283951
721.273 0.0283776
722.005 0.0283599
722.735 0.0283421
723.466 0.0283242
724.196 0.0283062
724.927 0.0282880
725.656 0.0282698
726.386 0.0282513
727.116 0.0282328
727.845 0.0282141
728.574 0.0281952
729.303 0.0281762
730.031 0.0281571
730.760 0.0281378
731.488 0.0281183
732.216 0.0280988
732.944 0.0280790
733.671 0.0280592
734.398 0.0280392
735.125 0.0280191
735.852 0.0279988
736.579 0.0279784
737.305 0.0279580
738.031 0.0279374
738.757 0.0279167
739.483 0.0278959
740.208 0.0278750
740.933 0.0278541
741.658 0.0278331
742.383 0.0278120
743.108 0.0277908
743.832 0.0277697
744.556 0.0277485
745.280 0.0277273
746.004 0.0277061
746.727 0.0276849
747.450 0.0276638
748.173 0.0276426
748.896 0.0276215
749.618 0.0276005
750.340 0.0275796
751.062 0.0275587
751.784 0.0275379
752.506 0.0275172
753.227 0.0274966
753.948 0.0274762
754.669 0.0274559
755.389 0.0274357
756.110 0.0274157
756.830 0.0273959
757.550 0.0273763
758.269 0.0273569
758.989 0.0273376
759.708 0.0273186
760.427 0.0272998
761.146 0.0272813
761.864 0.0272630
762.582 0.0272449
763.300 0.0272272
764.018 0.0272096
764.736 0.0271923
765.453 0.0271754
766.170 0.0271587
766.887 0.0271423
767.603 0.0271261
768.320 0.0271103
769.036 0.0270948
769.751 0.0270796
770.467 0.0270646
771.182 0.0270500
771.897 0.0270357
772.612 0.0270217
773.327 0.0270080
774.041 0.0269946
774.755 0.0269815
775.469 0.0269687
776.183 0.0269561
776.896 0.0269439
777.609 0.0269320
778.322 0.0269203
779.035 0.0269089
779.747 0.0268978
780.459 0.0268869
781.171 0.0268763
781.882 0.0268659
782.594 0.0268558
783.305 0.0268459
784.016 0.0268362
784.726 0.0268267
785.436 0.0268174
786.147 0.0268083
786.856 0.0267994
787.566 0.0267906
788.275 0.0267820
788.984 0.0267736
789.693 0.0267652
790.401 0.0267570
791.110 0.0267489
791.818 0.0267409
792.525 0.0267330
793.233 0.0267251
793.940 0.0267173
794.647 0.0267095
795.353 0.0267018
796.060 0.0266940
796.766 0.0266863
797.472 0.0266786
798.177 0.0266708
798.883 0.0266630
799.588 0.0266551
800.292 0.0266472
800.997 0.0266392
801.701 0.0266312
802.405 0.0266230
803.109 0.0266147
803.812 0.0266063
804.515 0.0265978
805.218 0.0265891
805.921 0.0265803
806.623 0.0265713
807.325 0.0265622
808.027 0.0265528
808.728 0.0265433
809.429 0.0265336
810.130 0.0265237
810.831 0.0265135
811.531 0.0265032
812.231 0.0264926
812.931 0.0264818
813.630 0.0264708
814.330 0.0264595
815.029 0.0264479
815.727 0.0264362
816.426 0.0264241
817.124 0.0264118
817.821 0.0263993
818.519 0.0263865
819.216 0.0263735
819.913 0.0263602
820.609 0.0263466
821.306 0.0263328
822.002 0.0263187
822.697 0.0263044
823.393 0.0262898
824.088 0.0262750
824.783 0.0262600
825.477 0.0262447
826.171 0.0262291
826.865 0.0262133
827.559 0.0261973
828.252 0.0261811
828.945 0.0261647
829.638 0.0261481
830.330 0.0261313
831.023 0.0261142
831.714 0.0260970
832.406 0.0260796
833.097 0.0260621
833.788 0.0260444
834.479 0.0260265
835.169 0.0260086
835.859 0.0259905
836.548 0.0259723
837.238 0.0259539
837.927 0.0259355
838.615 0.0259170
839.304 0.0258984
839.992 0.0258798
840.680 0.0258611
841.367 0.0258424
842.054 0.0258236
842.741 0.0258049
843.428 0.0257861
844.114 0.0257674
844.800 0.0257486
845.485 0.0257300
846.170 0.0257113
846.855 0.0256927
847.540 0.0256742
848.224 0.0256558
848.908 0.0256375
849.592 0.0256193
850.275 0.0256012
850.958 0.0255832
851.641 0.0255654
852.323 0.0255477
853.005 0.0255302
853.687 0.0255129
854.368 0.0254957
855.049 0.0254788
855.730 0.0254621
856.410 0.0254456
857.090 0.0254293
857.769 0.0254132
858.449 0.0253974
859.128 0.0253819
859.806 0.0253666
860.485 0.0253515
861.163 0.0253368
861.840 0.0253224
862.518 0.0253082
863.195 0.0252943
863.871 0.0252808
864.548 0.0252675
865.224 0.0252546
865.899 0.0252420
866.574 0.0252297
867.249 0.0252177
867.924 0.0252061
868.598 0.0251948
869.272 0.0251839
869.946 0.0251732
870.619 0.0251630
871.292 0.0251531
871.964 0.0251435
872.636 0.0251343
873.308 0.0251254
873.979 0.0251168
874.651 0.0251086
875.321 0.0251008
875.992 0.0250933
876.662 0.0250861
877.331 0.0250793
878.001 0.0250728
878.670 0.0250666
879.338 0.0250608
880.007 0.0250553
880.675 0.0250501
881.342 0.0250452
882.009 0.0250407
882.676 0.0250364
883.343 0.0250325
884.009 0.0250288
884.675 0.0250254
885.340 0.0250223
886.005 0.0250195
886.670 0.0250170
887.334 0.0250147
887.998 0.0250126
888.662 0.0250108
889.325 0.0250092
889.988 0.0250079
890.650 0.0250067
891.312 0.0250058
891.974 0.0250051
892.636 0.0250045
893.297 0.0250041
893.957 0.0250039
894.618 0.0250039
895.278 0.0250040
895.937 0.0250042
896.596 0.0250046
897.255 0.0250051
897.914 0.0250057
898.572 0.0250064
899.230 0.0250071
899.887 0.0250080
900.544 0.0250089
901.201 0.0250098
901.857 0.0250108
902.513 0.0250118
903.168 0.0250129
903.823 0.0250139
904.478 0.0250150
905.132 0.0250160
905.786 0.0250170
906.440 0.0250180
907.093 0.0250190
907.746 0.0250198
908.399 0.0250206
909.051 0.0250214
909.703 0.0250220
910.354 0.0250226
911.005 0.0250230
911.656 0.0250234
912.306 0.0250236
912.956 0.0250237
913.605 0.0250236
914.254 0.0250234
914.903 0.0250230
915.551 0.0250224
916.199 0.0250217
916.847 0.0250208
917.494 0.0250197
918.141 0.0250184
918.788 0.0250169
919.434 0.0250152
920.079 0.0250132
920.725 0.0250110
921.370 0.0250086
922.014 0.0250060
922.658 0.0250031
923.302 0.0250000
923.946 0.0249966
924.589 0.0249929
925.231 0.0249890
925.873 0.0249848
926.515 0.0249803
927.157 0.0249755
927.798 0.0249705
928.439 0.0249652
929.079 0.0249596
929.719 0.0249537
930.359 0.0249475
930.998 0.0249411
931.637 0.0249343
932.275 0.0249272
932.913 0.0249199
933.551 0.0249122
934.188 0.0249042
934.825 0.0248960
935.462 0.0248874
936.098 0.0248786
936.733 0.0248694
937.369 0.0248600
938.004 0.0248502
938.638 0.0248402
939.273 0.0248299
939.907 0.0248193
940.540 0.0248084
941.173 0.0247972
941.806 0.0247858
942.438 0.0247740
943.070 0.0247620
943.702 0.0247497
944.333 0.0247372
944.964 0.0247244
945.594 0.0247113
946.224 0.0246980
946.854 0.0246845
947.483 0.0246707
948.112 0.0246566
948.741 0.0246424
949.369 0.0246279
949.996 0.0246132
950.624 0.0245982
951.251 0.0245831
951.878 0.0245677
952.504 0.0245522
953.130 0.0245365
953.755 0.0245206
954.380 0.0245045
955.005 0.0244883
955.629 0.0244719
956.253 0.0244554
956.877 0.0244387
957.500 0.0244218
958.123 0.0244049
958.746 0.0243878
959.368 0.0243706
959.990 0.0243533
960.611 0.0243379
961.232 0.0243225
961.853 0.0243070
962.473 0.0242914
963.093 0.0242757
963.712 0.0242600
964.331 0.0242442
964.950 0.0242284
965.569 0.0242125
966.187 0.0241966
966.804 0.0241807
967.422 0.0241648
968.039 0.0241488
968.655 0.0241329
969.272 0.0241170
969.887 0.0241011
970.503 0.0240852
971.118 0.0240694
971.733 0.0240535
972.347 0.0240378
972.961 0.0240221
973.575 0.0240065
974.188 0.0239910
974.801 0.0239755
975.414 0.0239601
976.026 0.0239449
976.638 0.0239297
977.250 0.0239147
977.861 0.0238998
978.472 0.0238850
979.083 0.0238703
979.693 0.0238558
980.303 0.0238414
980.912 0.0238272
981.521 0.0238132
982.130 0.0237993
982.738 0.0237856
983.346 0.0237721
983.954 0.0237588
984.562 0.0237457
985.169 0.0237328
985.775 0.0237201
986.382 0.0237076
986.988 0.0236953
987.594 0.0236832
988.199 0.0236714
988.804 0.0236598
989.409 0.0236484
990.013 0.0236373
990.617 0.0236265
991.221 0.0236159
991.824 0.0236055
992.427 0.0235954
993.030 0.0235856
993.632 0.0235760
994.234 0.0235668
994.836 0.0235577
995.438 0.0235490
996.039 0.0235405
996.640 0.0235324
997.240 0.0235245
997.840 0.0235169
998.440 0.0235096
999.040 0.0235026
999.639 0.0234958
1000.238 0.0234887
1000.836 0.0234809
1001.435 0.0234733
1002.033 0.0234660
1002.630 0.0234591
1003.228 0.0234524
1003.825 0.0234461
1004.422 0.0234401
1005.018 0.0234344
1005.614 0.0234290
1006.210 0.0234239
1006.806 0.0234191
1007.401 0.0234146
1007.996 0.0234105
1008.591 0.0234066
1009.186 0.0234030
1009.780 0.0233998
1010.374 0.0233968
1010.967 0.0233942
1011.561 0.0233918
1012.154 0.0233898
1012.746 0.0233880
1013.339 0.0233866
1013.931 0.0233854
1014.523 0.0233845
1015.115 0.0233839
1015.706 0.0233836
1016.298 0.0233835
1016.888 0.0233838
1017.479 0.0233843
1018.069 0.0233851
1018.660 0.0233861
1019.250 0.0233875
1019.839 0.0233890
1020.429 0.0233909
1021.018 0.0233930
1021.607 0.0233953
1022.195 0.0233979
1022.784 0.0234007
1023.372 0.0234037
1023.960 0.0234070
1024.547 0.0234105
1025.135 0.0234142
1025.722 0.0234182
1026.309 0.0234223
1026.896 0.0234267
1027.483 0.0234312
1028.069 0.0234360
1028.655 0.0234409
1029.241 0.0234461
1029.827 0.0234514
1030.412 0.0234568
1030.997 0.0234625
1031.582 0.0234683
1032.167 0.0234742
1032.752 0.0234804
1033.336 0.0234866
1033.921 0.0234930
1034.505 0.0234996
1035.089 0.0235062
1035.672 0.0235130
1036.256 0.0235199
1036.839 0.0235269
1037.422 0.0235340
1038.005 0.0235412
1038.588 0.0235485
1039.171 0.0235559
1039.753 0.0235633
1040.335 0.0235708
1040.918 0.0235784
1041.500 0.0235861
1042.081 0.0235938
1042.663 0.0236015
1043.244 0.0236093
1043.826 0.0236171
1044.407 0.0236250
1044.988 0.0236329
1045.569 0.0236407
1046.150 0.0236486
1046.730 0.0236565
1047.311 0.0236644
1047.891 0.0236723
1048.471 0.0236802
1049.052 0.0236880
1049.632 0.0236958
1050.211 0.0237036
1050.791 0.0237113
1051.371 0.0237190
1051.950 0.0237266
1052.530 0.0237342
1053.109 0.0237417
1053.688 0.0237492
1054.268 0.0237565
1054.847 0.0237638
1055.426 0.0237710
1056.005 0.0237781
1056.583 0.0237851
1057.162 0.0237920
1057.741 0.0237988
1058.319 0.0238054
1058.898 0.0238120
1059.476 0.0238184
1060.055 0.0238247
1060.633 0.0238308
1061.211 0.0238368
1061.790 0.0238427
1062.368 0.0238484
1062.946 0.0238539
1063.524 0.0238593
1064.102 0.0238645
1064.680 0.0238696
1065.258 0.0238744
1065.836 0.0238791
1066.414 0.0238836
1066.992 0.0238879
1067.570 0.0238921
1068.148 0.0238960
1068.726 0.0238997
1069.304 0.0239032
1069.882 0.0239065
1070.460 0.0239096
1071.038 0.0239125
1071.616 0.0239152
1072.194 0.0239176
1072.772 0.0239198
1073.350 0.0239218
1073.928 0.0239235
1074.506 0.0239250
1075.084 0.0239263
1075.662 0.0239273
1076.240 0.0239281
1076.819 0.0239286
1077.397 0.0239289
1077.976 0.0239289
1078.554 0.0239286
1079.133 0.0239282
1079.711 0.0239274
1080.290 0.0239264
1080.869 0.0239251
1081.448 0.0239236
1082.027 0.0239218
1082.606 0.0239197
1083.185 0.0239173
1083.764 0.0239147
1084.343 0.0239118
1084.923 0.0239086
1085.502 0.0239052
1086.082 0.0239015
1086.662 0.0238975
1087.242 0.0238932
1087.822 0.0238886
1088.402 0.0238838
1088.983 0.0238787
1089.563 0.0238733
1090.144 0.0238676
1090.725 0.0238616
1091.306 0.0238554
1091.887 0.0238489
1092.469 0.0238421
1093.050 0.0238350
1093.632 0.0238277
1094.214 0.0238200
1094.796 0.0238121
1095.379 0.0238039
1095.961 0.0237954
1096.544 0.0237867
1097.127 0.0237777
1097.710 0.0237684
1098.294 0.0237588
1098.877 0.0237490
1099.461 0.0237389
1100.046 0.0237285
1100.630 0.0237179
1101.215 0.0237070
1101.800 0.0236958
1102.385 0.0236844
1102.970 0.0236727
1103.556 0.0236608
1104.142 0.0236486
1104.728 0.0236362
1105.315 0.0236235
1105.902 0.0236106
1106.489 0.0235974
1107.077 0.0235840
1107.664 0.0235703
1108.253 0.0235564
1108.841 0.0235423
1109.430 0.0235279
1110.019 0.0235134
1110.609 0.0234986
1111.198 0.0234836
1111.789 0.0234683
1112.379 0.0234529
1112.970 0.0234372
1113.561 0.0234214
1114.153 0.0234053
1114.745 0.0233890
1115.338 0.0233726
1115.931 0.0233559
1116.524 0.0233391
1117.117 0.0233221
1117.712 0.0233049
1118.306 0.0232876
1118.901 0.0232700
1119.496 0.0232523
1120.092 0.0232345
1120.689 0.0232165
1121.285 0.0231983
1121.882 0.0231800
1122.480 0.0231616
1123.078 0.0231430
1123.677 0.0231243
1124.276 0.0231055
1124.875 0.0230865
1125.476 0.0230675
1126.076 0.0230483
1126.677 0.0230290
1127.279 0.0230096
1127.881 0.0229901
1128.484 0.0229706
1129.087 0.0229509
1129.691 0.0229312
1130.295 0.0229114
1130.900 0.0228915
1131.505 0.0228716
1132.111 0.0228516
1132.718 0.0228315
1133.325 0.0228115
1133.933 0.0227913
1134.541 0.0227712
1135.150 0.0227510
1135.760 0.0227308
1136.370 0.0227106
1136.981 0.0226903
1137.592 0.0226701
1138.204 0.0226499
1138.817 0.0226296
1139.431 0.0226094
1140.045 0.0225892
1140.660 0.0225690
1141.275 0.0225489
1141.891 0.0225288
1142.508 0.0225087
1143.126 0.0224887
1143.744 0.0224687
1144.363 0.0224488
1144.983 0.0224290
