432.689 0.0448299
433.621 0.0446958
434.552 0.0445630
435.482 0.0444314
436.410 0.0443013
437.337 0.0441725
438.262 0.0440450
439.187 0.0439186
440.110 0.0437936
441.031 0.0436698
441.952 0.0435472
442.871 0.0434258
443.789 0.0433055
444.705 0.0431865
445.621 0.0430685
446.535 0.0429517
447.447 0.0428361
448.359 0.0427214
449.269 0.0426079
450.178 0.0424955
451.086 0.0423840
451.993 0.0422736
452.898 0.0421643
453.803 0.0420558
454.706 0.0419485
455.608 0.0418421
456.508 0.0417367
457.408 0.0416322
458.306 0.0415287
459.204 0.0414259
460.100 0.0413242
460.995 0.0412234
461.888 0.0411236
462.781 0.0410245
463.673 0.0409262
464.563 0.0408289
465.452 0.0407325
466.340 0.0406368
467.228 0.0405419
468.114 0.0404479
468.999 0.0403547
469.882 0.0402623
470.765 0.0401706
471.647 0.0400797
472.528 0.0399896
473.407 0.0399003
474.286 0.0398116
475.163 0.0397237
476.040 0.0396365
476.915 0.0395501
477.790 0.0394643
478.663 0.0393793
479.535 0.0392950
480.407 0.0392113
481.277 0.0391283
482.147 0.0390459
483.015 0.0389643
483.883 0.0388832
484.749 0.0388028
485.615 0.0387230
486.479 0.0386439
487.343 0.0385653
488.206 0.0384874
489.067 0.0384101
489.928 0.0383334
490.788 0.0382572
491.647 0.0381816
492.505 0.0381066
493.362 0.0380321
494.218 0.0379582
495.073 0.0378849
495.928 0.0378120
496.781 0.0377398
497.634 0.0376680
498.486 0.0375968
499.337 0.0375261
500.187 0.0374558
501.036 0.0373862
501.884 0.0373170
502.731 0.0372483
503.578 0.0371801
504.424 0.0371123
505.268 0.0370451
506.113 0.0369783
506.956 0.0369120
507.798 0.0368462
508.640 0.0367807
509.480 0.0367159
510.320 0.0366514
511.160 0.0365873
511.998 0.0365238
512.836 0.0364606
513.672 0.0363980
514.508 0.0363357
515.344 0.0362738
516.178 0.0362125
517.012 0.0361515
517.845 0.0360909
518.677 0.0360308
519.508 0.0359711
520.339 0.0359117
521.169 0.0358528
521.998 0.0357943
522.826 0.0357362
523.654 0.0356785
524.481 0.0356211
525.307 0.0355642
526.133 0.0355076
526.958 0.0354514
527.782 0.0353956
528.605 0.0353401
529.428 0.0352850
530.250 0.0352303
531.072 0.0351758
531.892 0.0351218
532.712 0.0350681
533.532 0.0350147
534.350 0.0349617
535.168 0.0349090
535.986 0.0348566
536.802 0.0348046
537.618 0.0347528
538.434 0.0347013
539.249 0.0346502
540.063 0.0345994
540.876 0.0345489
541.689 0.0344986
542.501 0.0344487
543.313 0.0343990
544.124 0.0343496
544.934 0.0343005
545.744 0.0342516
546.553 0.0342031
547.361 0.0341548
548.169 0.0341068
548.976 0.0340590
549.783 0.0340115
550.589 0.0339642
551.395 0.0339172
552.200 0.0338705
553.004 0.0338240
553.808 0.0337777
554.611 0.0337318
555.414 0.0336860
556.216 0.0336405
557.018 0.0335953
557.819 0.0335503
558.619 0.0335055
559.419 0.0334610
560.218 0.0334168
561.017 0.0333728
561.815 0.0333290
562.613 0.0332855
563.410 0.0332422
564.207 0.0331992
565.003 0.0331564
565.799 0.0331139
566.594 0.0330716
567.388 0.0330296
568.182 0.0329878
568.976 0.0329462
569.769 0.0329049
570.562 0.0328639
571.354 0.0328231
572.145 0.0327825
572.936 0.0327422
573.727 0.0327022
574.517 0.0326623
575.307 0.0326227
576.096 0.0325834
576.885 0.0325443
577.673 0.0325054
578.461 0.0324668
579.248 0.0324284
580.035 0.0323902
580.821 0.0323523
581.607 0.0323146
582.392 0.0322771
583.177 0.0322398
583.962 0.0322028
584.746 0.0321659
585.529 0.0321293
586.313 0.0320929
587.095 0.0320567
587.878 0.0320206
588.660 0.0319848
589.441 0.0319492
590.222 0.0319137
591.003 0.0318784
591.783 0.0318433
592.563 0.0318084
593.342 0.0317736
594.121 0.0317390
594.899 0.0317046
595.678 0.0316702
596.455 0.0316361
597.233 0.0316021
598.009 0.0315683
598.786 0.0315345
599.562 0.0315009
600.338 0.0314675
601.113 0.0314341
601.888 0.0314009
602.663 0.0313678
603.437 0.0313348
604.211 0.0313019
604.984 0.0312692
605.757 0.0312365
606.530 0.0312040
607.302 0.0311716
608.074 0.0311392
608.845 0.0311070
609.616 0.0310749
610.387 0.0310428
611.158 0.0310108
611.928 0.0309790
612.697 0.0309473
613.467 0.0309156
614.236 0.0308841
615.004 0.0308526
615.773 0.0308213
616.541 0.0307900
617.308 0.0307589
618.076 0.0307278
618.843 0.0306969
619.609 0.0306661
620.375 0.0306354
621.141 0.0306048
621.907 0.0305743
622.672 0.0305440
623.437 0.0305138
624.202 0.0304837
624.966 0.0304537
625.730 0.0304239
626.493 0.0303942
627.257 0.0303646
628.020 0.0303352
628.782 0.0303060
629.545 0.0302769
630.307 0.0302479
631.068 0.0302191
631.830 0.0301905
632.591 0.0301620
633.352 0.0301337
634.112 0.0301055
634.872 0.0300776
635.632 0.0300498
636.392 0.0300221
637.151 0.0299947
637.910 0.0299674
638.668 0.0299404
639.427 0.0299134
640.185 0.0298867
640.943 0.0298602
641.700 0.0298338
642.457 0.0298077
643.214 0.0297817
643.971 0.0297559
644.727 0.0297303
645.483 0.0297049
646.239 0.0296796
646.994 0.0296546
647.750 0.0296297
648.505 0.0296049
649.259 0.0295804
650.014 0.0295561
650.768 0.0295319
651.521 0.0295079
652.275 0.0294840
653.028 0.0294603
653.781 0.0294367
654.534 0.0294133
655.286 0.0293901
656.039 0.0293669
656.791 0.0293439
657.542 0.0293211
658.294 0.0292983
659.045 0.0292757
659.796 0.0292532
660.546 0.0292309
661.297 0.0292086
662.047 0.0291864
662.796 0.0291643
663.546 0.0291423
664.295 0.0291204
665.044 0.0290986
665.793 0.0290768
666.542 0.0290550
667.290 0.0290334
668.038 0.0290118
668.786 0.0289902
669.533 0.0289687
670.281 0.0289472
671.028 0.0289257
671.774 0.0289043
672.521 0.0288829
673.267 0.0288615
674.013 0.0288401
674.759 0.0288187
675.505 0.0287973
676.250 0.0287759
676.995 0.0287545
677.740 0.0287331
678.484 0.0287117
679.229 0.0286902
679.973 0.0286688
680.717 0.0286473
681.460 0.0286258
682.204 0.0286043
682.947 0.0285827
683.690 0.0285612
684.433 0.0285395
685.175 0.0285179
685.917 0.0284963
686.659 0.0284746
687.401 0.0284529
688.142 0.0284312
688.884 0.0284094
689.625 0.0283876
690.365 0.0283658
691.106 0.0283440
691.846 0.0283222
692.586 0.0283003
693.326 0.0282785
694.066 0.0282566
694.805 0.0282348
695.545 0.0282129
696.284 0.0281910
697.022 0.0281692
697.761 0.0281474
698.499 0.0281256
699.237 0.0281038
699.975 0.0280820
700.713 0.0280603
701.450 0.0280387
702.187 0.0280170
702.924 0.0279955
703.661 0.0279740
704.397 0.0279525
705.133 0.0279312
705.869 0.0279099
706.605 0.0278886
707.341 0.0278675
708.076 0.0278465
708.811 0.0278256
709.546 0.0278047
710.281 0.0277840
711.015 0.0277634
711.749 0.0277430
712.483 0.0277226
713.217 0.0277024
713.950 0.0276824
714.684 0.0276625
715.417 0.0276427
716.150 0.0276231
716.882 0.0276037
717.615 0.0275844
718.347 0.0275653
719.079 0.0275464
719.811 0.0275276
720.542 0.0275091
721.273 0.0274907
722.005 0.0274725
722.735 0.0274545
723.466 0.0274367
724.196 0.0274191
724.927 0.0274016
725.656 0.0273844
726.386 0.0273674
727.116 0.0273506
727.845 0.0273340
728.574 0.0273176
729.303 0.0273013
730.031 0.0272853
730.760 0.0272695
731.488 0.0272539
732.216 0.0272385
732.944 0.0272233
733.671 0.0272083
734.398 0.0271935
735.125 0.0271788
735.852 0.0271644
736.579 0.0271501
737.305 0.0271360
738.031 0.0271221
738.757 0.0271084
739.483 0.0270948
740.208 0.0270814
740.933 0.0270681
741.658 0.0270550
742.383 0.0270421
743.108 0.0270293
743.832 0.0270166
744.556 0.0270041
745.280 0.0269917
746.004 0.0269794
746.727 0.0269672
747.450 0.0269551
748.173 0.0269431
748.896 0.0269313
749.618 0.0269195
750.340 0.0269077
751.062 0.0268961
751.784 0.0268845
752.506 0.0268729
753.227 0.0268615
753.948 0.0268500
754.669 0.0268386
755.389 0.0268272
756.110 0.0268158
756.830 0.0268045
757.550 0.0267931
758.269 0.0267818
758.989 0.0267704
759.708 0.0267590
760.427 0.0267476
761.146 0.0267361
761.864 0.0267247
762.582 0.0267131
763.300 0.0267016
764.018 0.0266899
764.736 0.0266782
765.453 0.0266664
766.170 0.0266546
766.887 0.0266427
767.603 0.0266307
768.320 0.0266185
769.036 0.0266063
769.751 0.0265941
770.467 0.0265816
771.182 0.0265691
771.897 0.0265565
772.612 0.0265438
773.327 0.0265309
774.041 0.0265179
774.755 0.0265048
775.469 0.0264915
776.183 0.0264781
776.896 0.0264646
777.609 0.0264510
778.322 0.0264372
779.035 0.0264233
779.747 0.0264092
780.459 0.0263950
781.171 0.0263807
781.882 0.0263663
782.594 0.0263516
783.305 0.0263369
784.016 0.0263220
784.726 0.0263070
785.436 0.0262919
786.147 0.0262765
786.856 0.0262612
787.566 0.0262456
788.275 0.0262300
788.984 0.0262142
789.693 0.0261983
790.401 0.0261823
791.110 0.0261661
791.818 0.0261499
792.525 0.0261336
793.233 0.0261172
793.940 0.0261007
794.647 0.0260840
795.353 0.0260674
796.060 0.0260506
796.766 0.0260338
797.472 0.0260169
798.177 0.0259999
798.883 0.0259829
799.588 0.0259658
800.292 0.0259487
800.997 0.0259316
801.701 0.0259144
802.405 0.0258972
803.109 0.0258800
803.812 0.0258628
804.515 0.0258456
805.218 0.0258284
805.921 0.0258112
806.623 0.0257940
807.325 0.0257769
808.027 0.0257598
808.728 0.0257427
809.429 0.0257257
810.130 0.0257088
810.831 0.0256918
811.531 0.0256750
812.231 0.0256583
812.931 0.0256416
813.630 0.0256250
814.330 0.0256085
815.029 0.0255922
815.727 0.0255759
816.426 0.0255598
817.124 0.0255438
817.821 0.0255279
818.519 0.0255122
819.216 0.0254966
819.913 0.0254811
820.609 0.0254658
821.306 0.0254507
822.002 0.0254357
822.697 0.0254210
823.393 0.0254063
824.088 0.0253919
824.783 0.0253777
825.477 0.0253637
826.171 0.0253498
826.865 0.0253362
827.559 0.0253227
828.252 0.0253095
828.945 0.0252965
829.638 0.0252837
830.330 0.0252712
831.023 0.0252588
831.714 0.0252467
832.406 0.0252348
833.097 0.0252231
833.788 0.0252117
834.479 0.0252005
835.169 0.0251895
835.859 0.0251788
836.548 0.0251684
837.238 0.0251581
837.927 0.0251481
838.615 0.0251384
839.304 0.0251288
839.992 0.0251196
840.680 0.0251105
841.367 0.0251017
842.054 0.0250932
842.741 0.0250849
843.428 0.0250768
844.114 0.0250689
844.800 0.0250613
845.485 0.0250539
846.170 0.0250468
846.855 0.0250399
847.540 0.0250332
848.224 0.0250267
848.908 0.0250204
849.592 0.0250144
850.275 0.0250085
850.958 0.0250029
851.641 0.0249975
852.323 0.0249922
853.005 0.0249872
853.687 0.0249824
854.368 0.0249777
855.049 0.0249732
855.730 0.0249689
856.410 0.0249648
857.090 0.0249608
857.769 0.0249570
858.449 0.0249534
859.128 0.0249499
859.806 0.0249465
860.485 0.0249433
861.163 0.0249402
861.840 0.0249372
862.518 0.0249344
863.195 0.0249317
863.871 0.0249290
864.548 0.0249265
865.224 0.0249241
865.899 0.0249217
866.574 0.0249195
867.249 0.0249173
867.924 0.0249152
868.598 0.0249131
869.272 0.0249111
869.946 0.0249091
870.619 0.0249072
871.292 0.0249053
871.964 0.0249034
872.636 0.0249016
873.308 0.0248998
873.979 0.0248980
874.651 0.0248961
875.321 0.0248943
875.992 0.0248924
876.662 0.0248906
877.331 0.0248887
878.001 0.0248868
878.670 0.0248848
879.338 0.0248828
880.007 0.0248807
880.675 0.0248786
881.342 0.0248764
882.009 0.0248741
882.676 0.0248718
883.343 0.0248694
884.009 0.0248669
884.675 0.0248643
885.340 0.0248616
886.005 0.0248587
886.670 0.0248558
887.334 0.0248528
887.998 0.0248496
888.662 0.0248463
889.325 0.0248429
889.988 0.0248394
890.650 0.0248357
891.312 0.0248319
891.974 0.0248279
892.636 0.0248237
893.297 0.0248195
893.957 0.0248150
894.618 0.0248104
895.278 0.0248056
895.937 0.0248007
896.596 0.0247956
897.255 0.0247903
897.914 0.0247848
898.572 0.0247791
899.230 0.0247733
899.887 0.0247673
900.544 0.0247610
901.201 0.0247546
901.857 0.0247480
902.513 0.0247412
903.168 0.0247343
903.823 0.0247271
904.478 0.0247197
905.132 0.0247121
905.786 0.0247044
906.440 0.0246964
907.093 0.0246882
907.746 0.0246799
908.399 0.0246713
909.051 0.0246625
909.703 0.0246535
910.354 0.0246444
911.005 0.0246350
911.656 0.0246255
912.306 0.0246157
912.956 0.0246057
913.605 0.0245956
914.254 0.0245853
914.903 0.0245747
915.551 0.0245640
916.199 0.0245531
916.847 0.0245420
917.494 0.0245308
918.141 0.0245193
918.788 0.0245077
919.434 0.0244959
920.079 0.0244839
920.725 0.0244717
921.370 0.0244594
922.014 0.0244470
922.658 0.0244343
923.302 0.0244215
923.946 0.0244086
924.589 0.0243955
925.231 0.0243822
925.873 0.0243689
926.515 0.0243553
927.157 0.0243417
927.798 0.0243279
928.439 0.0243139
929.079 0.0242999
929.719 0.0242858
930.359 0.0242715
930.998 0.0242571
931.637 0.0242426
932.275 0.0242280
932.913 0.0242133
933.551 0.0241986
934.188 0.0241837
934.825 0.0241688
935.462 0.0241538
936.098 0.0241387
936.733 0.0241235
937.369 0.0241083
938.004 0.0240931
938.638 0.0240778
939.273 0.0240624
939.907 0.0240470
940.540 0.0240315
941.173 0.0240161
941.806 0.0240006
942.438 0.0239851
943.070 0.0239695
943.702 0.0239540
944.333 0.0239385
944.964 0.0239229
945.594 0.0239074
946.224 0.0238919
946.854 0.0238764
947.483 0.0238609
948.112 0.0238455
948.741 0.0238300
949.369 0.0238147
949.996 0.0237993
950.624 0.0237840
951.251 0.0237688
951.878 0.0237536
952.504 0.0237385
953.130 0.0237235
953.755 0.0237085
954.380 0.0236936
955.005 0.0236788
955.629 0.0236641
956.253 0.0236494
956.877 0.0236349
957.500 0.0236205
958.123 0.0236061
958.746 0.0235919
959.368 0.0235778
959.990 0.0235638
960.611 0.0235518
961.232 0.0235399
961.853 0.0235282
962.473 0.0235165
963.093 0.0235050
963.712 0.0234937
964.331 0.0234825
964.950 0.0234714
965.569 0.0234604
966.187 0.0234496
966.804 0.0234390
967.422 0.0234285
968.039 0.0234182
968.655 0.0234081
969.272 0.0233981
969.887 0.0233882
970.503 0.0233786
971.118 0.0233691
971.733 0.0233598
972.347 0.0233507
972.961 0.0233418
973.575 0.0233330
974.188 0.0233244
974.801 0.0233161
975.414 0.0233079
976.026 0.0232999
976.638 0.0232921
977.250 0.0232845
977.861 0.0232771
978.472 0.0232699
979.083 0.0232629
979.693 0.0232561
980.303 0.0232495
980.912 0.0232431
981.521 0.0232370
982.130 0.0232310
982.738 0.0232253
983.346 0.0232197
983.954 0.0232144
984.562 0.0232093
985.169 0.0232044
985.775 0.0231997
986.382 0.0231952
986.988 0.0231909
987.594 0.0231869
988.199 0.0231830
988.804 0.0231794
989.409 0.0231760
990.013 0.0231728
990.617 0.0231698
991.221 0.0231671
991.824 0.0231645
992.427 0.0231622
993.030 0.0231600
993.632 0.0231581
994.234 0.0231564
994.836 0.0231549
995.438 0.0231536
996.039 0.0231525
996.640 0.0231517
997.240 0.0231510
997.840 0.0231505
998.440 0.0231502
999.040 0.0231502
999.639 0.0231503
1000.238 0.0231500
1000.836 0.0231490
1001.435 0.0231481
1002.033 0.0231475
1002.630 0.0231470
1003.228 0.0231468
1003.825 0.0231467
1004.422 0.0231468
1005.018 0.0231472
1005.614 0.0231477
1006.210 0.0231483
1006.806 0.0231492
1007.401 0.0231502
1007.996 0.0231514
1008.591 0.0231528
1009.186 0.0231544
1009.780 0.0231561
1010.374 0.0231580
1010.967 0.0231600
1011.561 0.0231622
1012.154 0.0231646
1012.746 0.0231671
1013.339 0.0231697
1013.931 0.0231725
1014.523 0.0231755
1015.115 0.0231786
1015.706 0.0231818
1016.298 0.0231851
1016.888 0.0231886
1017.479 0.0231922
1018.069 0.0231959
1018.660 0.0231998
1019.250 0.0232037
1019.839 0.0232078
1020.429 0.0232120
1021.018 0.0232163
1021.607 0.0232207
1022.195 0.0232252
1022.784 0.0232298
1023.372 0.0232344
1023.960 0.0232392
1024.547 0.0232440
1025.135 0.0232490
1025.722 0.0232540
1026.309 0.0232591
1026.896 0.0232642
1027.483 0.0232694
1028.069 0.0232747
1028.655 0.0232800
1029.241 0.0232854
1029.827 0.0232908
1030.412 0.0232963
1030.997 0.0233018
1031.582 0.0233074
1032.167 0.0233130
1032.752 0.0233186
1033.336 0.0233243
1033.921 0.0233300
1034.505 0.0233357
1035.089 0.0233414
1035.672 0.0233471
1036.256 0.0233529
1036.839 0.0233586
1037.422 0.0233644
1038.005 0.0233701
1038.588 0.0233759
1039.171 0.0233816
1039.753 0.0233873
1040.335 0.0233930
1040.918 0.0233987
1041.500 0.0234044
1042.081 0.0234100
1042.663 0.0234156
1043.244 0.0234212
1043.826 0.0234267
1044.407 0.0234322
1044.988 0.0234376
1045.569 0.0234430
1046.150 0.0234483
1046.730 0.0234536
1047.311 0.0234589
1047.891 0.0234640
1048.471 0.0234691
1049.052 0.0234742
1049.632 0.0234791
1050.211 0.0234840
1050.791 0.0234888
1051.371 0.0234935
1051.950 0.0234982
1052.530 0.0235027
1053.109 0.0235072
1053.688 0.0235116
1054.268 0.0235158
1054.847 0.0235200
1055.426 0.0235241
1056.005 0.0235280
1056.583 0.0235319
1057.162 0.0235356
1057.741 0.0235393
1058.319 0.0235428
1058.898 0.0235462
1059.476 0.0235495
1060.055 0.0235526
1060.633 0.0235557
1061.211 0.0235586
1061.790 0.0235613
1062.368 0.0235640
1062.946 0.0235665
1063.524 0.0235688
1064.102 0.0235710
1064.680 0.0235731
1065.258 0.0235750
1065.836 0.0235768
1066.414 0.0235785
1066.992 0.0235799
1067.570 0.0235813
1068.148 0.0235825
1068.726 0.0235835
1069.304 0.0235843
1069.882 0.0235850
1070.460 0.0235856
1071.038 0.0235859
1071.616 0.0235861
1072.194 0.0235862
1072.772 0.0235860
1073.350 0.0235857
1073.928 0.0235853
1074.506 0.0235846
1075.084 0.0235838
1075.662 0.0235828
1076.240 0.0235816
1076.819 0.0235803
1077.397 0.0235788
1077.976 0.0235771
1078.554 0.0235752
1079.133 0.0235731
1079.711 0.0235708
1080.290 0.0235684
1080.869 0.0235658
1081.448 0.0235630
1082.027 0.0235600
1082.606 0.0235568
1083.185 0.0235534
1083.764 0.0235498
1084.343 0.0235461
1084.923 0.0235421
1085.502 0.0235380
1086.082 0.0235337
1086.662 0.0235292
1087.242 0.0235245
1087.822 0.0235196
1088.402 0.0235145
1088.983 0.0235092
1089.563 0.0235038
1090.144 0.0234981
1090.725 0.0234922
1091.306 0.0234862
1091.887 0.0234800
1092.469 0.0234735
1093.050 0.0234669
1093.632 0.0234601
1094.214 0.0234531
1094.796 0.0234459
1095.379 0.0234386
1095.961 0.0234310
1096.544 0.0234232
1097.127 0.0234153
1097.710 0.0234072
1098.294 0.0233989
1098.877 0.0233904
1099.461 0.0233817
1100.046 0.0233728
1100.630 0.0233637
1101.215 0.0233545
1101.800 0.0233451
1102.385 0.0233355
1102.970 0.0233257
1103.556 0.0233157
1104.142 0.0233056
1104.728 0.0232953
1105.315 0.0232848
1105.902 0.0232741
1106.489 0.0232633
1107.077 0.0232523
1107.664 0.0232411
1108.253 0.0232297
1108.841 0.0232182
1109.430 0.0232066
1110.019 0.0231947
1110.609 0.0231827
1111.198 0.0231706
1111.789 0.0231582
1112.379 0.0231457
1112.970 0.0231331
1113.561 0.0231203
1114.153 0.0231073
1114.745 0.0230943
1115.338 0.0230810
1115.931 0.0230676
1116.524 0.0230541
1117.117 0.0230404
1117.712 0.0230266
1118.306 0.0230126
1118.901 0.0229985
1119.496 0.0229843
1120.092 0.0229699
1120.689 0.0229554
1121.285 0.0229408
1121.882 0.0229261
1122.480 0.0229112
1123.078 0.0228962
1123.677 0.0228811
1124.276 0.0228659
1124.875 0.0228506
1125.476 0.0228351
1126.076 0.0228196
1126.677 0.0228040
1127.279 0.0227882
1127.881 0.0227723
1128.484 0.0227564
1129.087 0.0227403
1129.691 0.0227242
1130.295 0.0227080
1130.900 0.0226917
1131.505 0.0226753
1132.111 0.0226588
1132.718 0.0226422
1133.325 0.0226256
1133.933 0.0226089
1134.541 0.0225921
1135.150 0.0225753
1135.760 0.0225584
1136.370 0.0225415
1136.981 0.0225244
1137.592 0.0225074
1138.204 0.0224903
1138.817 0.0224731
1139.431 0.0224559
1140.045 0.0224386
1140.660 0.0224213
1141.275 0.0224040
1141.891 0.0223867
1142.508 0.0223693
1143.126 0.0223519
1143.744 0.0223345
1144.363 0.0223171
1144.983 0.0222996
