432.689 0.0453557
433.621 0.0452193
434.552 0.0450843
435.482 0.0449506
436.410 0.0448183
437.337 0.0446873
438.262 0.0445576
439.187 0.0444291
440.110 0.0443019
441.031 0.0441761
441.952 0.0440513
442.871 0.0439279
443.789 0.0438055
444.705 0.0436845
445.621 0.0435644
446.535 0.0434456
447.447 0.0433280
448.359 0.0432113
449.269 0.0430959
450.178 0.0429814
451.086 0.0428681
451.993 0.0427557
452.898 0.0426445
453.803 0.0425341
454.706 0.0424248
455.608 0.0423165
456.508 0.0422093
457.408 0.0421029
458.306 0.0419976
459.204 0.0418931
460.100 0.0417896
460.995 0.0416870
461.888 0.0415854
462.781 0.0414845
463.673 0.0413845
464.563 0.0412855
465.452 0.0411874
466.340 0.0410900
467.228 0.0409934
468.114 0.0408977
468.999 0.0408028
469.882 0.0407089
470.765 0.0406155
471.647 0.0405230
472.528 0.0404312
473.407 0.0403403
474.286 0.0402500
475.163 0.0401606
476.040 0.0400718
476.915 0.0399838
477.790 0.0398964
478.663 0.0398098
479.535 0.0397239
480.407 0.0396386
481.277 0.0395541
482.147 0.0394701
483.015 0.0393869
483.883 0.0393042
484.749 0.0392223
485.615 0.0391409
486.479 0.0390603
487.343 0.0389802
488.206 0.0389007
489.067 0.0388219
489.928 0.0387436
490.788 0.0386660
491.647 0.0385889
492.505 0.0385124
493.362 0.0384365
494.218 0.0383612
495.073 0.0382864
495.928 0.0382122
496.781 0.0381385
497.634 0.0380654
498.486 0.0379928
499.337 0.0379208
500.187 0.0378492
501.036 0.0377783
501.884 0.0377078
502.731 0.0376379
503.578 0.0375685
504.424 0.0374995
505.268 0.0374311
506.113 0.0373631
506.956 0.0372957
507.798 0.0372287
508.640 0.0371622
509.480 0.0370962
510.320 0.0370307
511.160 0.0369655
511.998 0.0369009
512.836 0.0368366
513.672 0.0367729
514.508 0.0367096
515.344 0.0366466
516.178 0.0365842
517.012 0.0365221
517.845 0.0364604
518.677 0.0363992
519.508 0.0363384
520.339 0.0362779
521.169 0.0362178
521.998 0.0361581
522.826 0.0360989
523.654 0.0360399
524.481 0.0359814
525.307 0.0359232
526.133 0.0358654
526.958 0.0358079
527.782 0.0357508
528.605 0.0356940
529.428 0.0356376
530.250 0.0355816
531.072 0.0355258
531.892 0.0354704
532.712 0.0354154
533.532 0.0353606
534.350 0.0353063
535.168 0.0352523
535.986 0.0351985
536.802 0.0351451
537.618 0.0350921
538.434 0.0350393
539.249 0.0349869
540.063 0.0349348
540.876 0.0348830
541.689 0.0348316
542.501 0.0347804
543.313 0.0347296
544.124 0.0346791
544.934 0.0346289
545.744 0.0345790
546.553 0.0345295
547.361 0.0344803
548.169 0.0344313
548.976 0.0343827
549.783 0.0343344
550.589 0.0342864
551.395 0.0342387
552.200 0.0341912
553.004 0.0341442
553.808 0.0340973
554.611 0.0340508
555.414 0.0340045
556.216 0.0339586
557.018 0.0339129
557.819 0.0338675
558.619 0.0338224
559.419 0.0337775
560.218 0.0337330
561.017 0.0336886
561.815 0.0336446
562.613 0.0336007
563.410 0.0335572
564.207 0.0335138
565.003 0.0334707
565.799 0.0334278
566.594 0.0333852
567.388 0.0333428
568.182 0.0333006
568.976 0.0332586
569.769 0.0332169
570.562 0.0331753
571.354 0.0331339
572.145 0.0330928
572.936 0.0330518
573.727 0.0330110
574.517 0.0329704
575.307 0.0329300
576.096 0.0328897
576.885 0.0328496
577.673 0.0328098
578.461 0.0327700
579.248 0.0327305
580.035 0.0326911
580.821 0.0326519
581.607 0.0326128
582.392 0.0325740
583.177 0.0325352
583.962 0.0324967
584.746 0.0324583
585.529 0.0324201
586.313 0.0323819
587.095 0.0323441
587.878 0.0323063
588.660 0.0322687
589.441 0.0322313
590.222 0.0321941
591.003 0.0321570
591.783 0.0321201
592.563 0.0320834
593.342 0.0320469
594.121 0.0320106
594.899 0.0319744
595.678 0.0319384
596.455 0.0319026
597.233 0.0318670
598.009 0.0318316
598.786 0.0317964
599.562 0.0317614
600.338 0.0317266
601.113 0.0316920
601.888 0.0316576
602.663 0.0316234
603.437 0.0315894
604.211 0.0315556
604.984 0.0315220
605.757 0.0314886
606.530 0.0314555
607.302 0.0314225
608.074 0.0313898
608.845 0.0313573
609.616 0.0313250
610.387 0.0312929
611.158 0.0312610
611.928 0.0312293
612.697 0.0311978
613.467 0.0311665
614.236 0.0311354
615.004 0.0311045
615.773 0.0310738
616.541 0.0310432
617.308 0.0310129
618.076 0.0309827
618.843 0.0309528
619.609 0.0309230
620.375 0.0308933
621.141 0.0308639
621.907 0.0308345
622.672 0.0308054
623.437 0.0307763
624.202 0.0307474
624.966 0.0307187
625.730 0.0306900
626.493 0.0306615
627.257 0.0306331
628.020 0.0306048
628.782 0.0305767
629.545 0.0305486
630.307 0.0305206
631.068 0.0304927
631.830 0.0304649
632.591 0.0304372
633.352 0.0304095
634.112 0.0303819
634.872 0.0303544
635.632 0.0303269
636.392 0.0302994
637.151 0.0302721
637.910 0.0302447
638.668 0.0302175
639.427 0.0301902
640.185 0.0301630
640.943 0.0301358
641.700 0.0301086
642.457 0.0300815
643.214 0.0300544
643.971 0.0300274
644.727 0.0300003
645.483 0.0299733
646.239 0.0299464
646.994 0.0299194
647.750 0.0298925
648.505 0.0298656
649.259 0.0298388
650.014 0.0298120
650.768 0.0297852
651.521 0.0297585
652.275 0.0297318
653.028 0.0297052
653.781 0.0296786
654.534 0.0296521
655.286 0.0296256
656.039 0.0295992
656.791 0.0295728
657.542 0.0295466
658.294 0.0295204
659.045 0.0294943
659.796 0.0294683
660.546 0.0294425
661.297 0.0294166
662.047 0.0293910
662.796 0.0293654
663.546 0.0293399
664.295 0.0293146
665.044 0.0292894
665.793 0.0292644
666.542 0.0292394
667.290 0.0292147
668.038 0.0291900
668.786 0.0291656
669.533 0.0291413
670.281 0.0291171
671.028 0.0290932
671.774 0.0290694
672.521 0.0290458
673.267 0.0290224
674.013 0.0289991
674.759 0.0289761
675.505 0.0289532
676.250 0.0289306
676.995 0.0289081
677.740 0.0288858
678.484 0.0288638
679.229 0.0288419
679.973 0.0288202
680.717 0.0287987
681.460 0.0287775
682.204 0.0287564
682.947 0.0287355
683.690 0.0287148
684.433 0.0286944
685.175 0.0286741
685.917 0.0286540
686.659 0.0286341
687.401 0.0286143
688.142 0.0285948
688.884 0.0285754
689.625 0.0285562
690.365 0.0285371
691.106 0.0285182
691.846 0.0284995
692.586 0.0284809
693.326 0.0284625
694.066 0.0284442
694.805 0.0284260
695.545 0.0284079
696.284 0.0283900
697.022 0.0283721
697.761 0.0283544
698.499 0.0283367
699.237 0.0283192
699.975 0.0283017
700.713 0.0282843
701.450 0.0282669
702.187 0.0282496
702.924 0.0282324
703.661 0.0282151
704.397 0.0281980
705.133 0.0281808
705.869 0.0281636
706.605 0.0281465
707.341 0.0281293
708.076 0.0281122
708.811 0.0280950
709.546 0.0280778
710.281 0.0280606
711.015 0.0280434
711.749 0.0280261
712.483 0.0280087
713.217 0.0279914
713.950 0.0279739
714.684 0.0279564
715.417 0.0279388
716.150 0.0279212
716.882 0.0279035
717.615 0.0278856
718.347 0.0278678
719.079 0.0278498
719.811 0.0278317
720.542 0.0278136
721.273 0.0277954
722.005 0.0277770
722.735 0.0277586
723.466 0.0277401
724.196 0.0277215
724.927 0.0277028
725.656 0.0276840
726.386 0.0276651
727.116 0.0276461
727.845 0.0276271
728.574 0.0276079
729.303 0.0275887
730.031 0.0275694
730.760 0.0275500
731.488 0.0275306
732.216 0.0275110
732.944 0.0274914
733.671 0.0274718
734.398 0.0274521
735.125 0.0274324
735.852 0.0274126
736.579 0.0273928
737.305 0.0273730
738.031 0.0273531
738.757 0.0273332
739.483 0.0273133
740.208 0.0272935
740.933 0.0272736
741.658 0.0272537
742.383 0.0272339
743.108 0.0272141
743.832 0.0271943
744.556 0.0271746
745.280 0.0271549
746.004 0.0271353
746.727 0.0271158
747.450 0.0270963
748.173 0.0270770
748.896 0.0270577
749.618 0.0270385
750.340 0.0270195
751.062 0.0270006
751.784 0.0269817
752.506 0.0269631
753.227 0.0269445
753.948 0.0269262
754.669 0.0269079
755.389 0.0268899
756.110 0.0268720
756.830 0.0268543
757.550 0.0268367
758.269 0.0268194
758.989 0.0268023
759.708 0.0267853
760.427 0.0267686
761.146 0.0267520
761.864 0.0267357
762.582 0.0267196
763.300 0.0267038
764.018 0.0266881
764.736 0.0266727
765.453 0.0266575
766.170 0.0266426
766.887 0.0266279
767.603 0.0266134
768.320 0.0265991
769.036 0.0265851
769.751 0.0265714
770.467 0.0265579
771.182 0.0265446
771.897 0.0265316
772.612 0.0265188
773.327 0.0265063
774.041 0.0264939
774.755 0.0264819
775.469 0.0264700
776.183 0.0264584
776.896 0.0264470
777.609 0.0264358
778.322 0.0264249
779.035 0.0264141
779.747 0.0264036
780.459 0.0263933
781.171 0.0263832
781.882 0.0263733
782.594 0.0263635
783.305 0.0263539
784.016 0.0263446
784.726 0.0263354
785.436 0.0263263
786.147 0.0263174
786.856 0.0263087
787.566 0.0263001
788.275 0.0262916
788.984 0.0262832
789.693 0.0262750
790.401 0.0262669
791.110 0.0262588
791.818 0.0262509
792.525 0.0262431
793.233 0.0262353
793.940 0.0262276
794.647 0.0262199
795.353 0.0262123
796.060 0.0262048
796.766 0.0261972
797.472 0.0261897
798.177 0.0261822
798.883 0.0261747
799.588 0.0261672
800.292 0.0261597
800.997 0.0261522
801.701 0.0261446
802.405 0.0261370
803.109 0.0261294
803.812 0.0261217
804.515 0.0261139
805.218 0.0261061
805.921 0.0260981
806.623 0.0260901
807.325 0.0260820
808.027 0.0260738
808.728 0.0260655
809.429 0.0260571
810.130 0.0260485
810.831 0.0260398
811.531 0.0260310
812.231 0.0260221
812.931 0.0260129
813.630 0.0260037
814.330 0.0259943
815.029 0.0259847
815.727 0.0259750
816.426 0.0259650
817.124 0.0259549
817.821 0.0259447
818.519 0.0259342
819.216 0.0259236
819.913 0.0259128
820.609 0.0259018
821.306 0.0258906
822.002 0.0258792
822.697 0.0258677
823.393 0.0258559
824.088 0.0258439
824.783 0.0258317
825.477 0.0258194
826.171 0.0258068
826.865 0.0257941
827.559 0.0257812
828.252 0.0257680
828.945 0.0257547
829.638 0.0257412
830.330 0.0257275
831.023 0.0257136
831.714 0.0256996
832.406 0.0256853
833.097 0.0256709
833.788 0.0256563
834.479 0.0256415
835.169 0.0256266
835.859 0.0256116
836.548 0.0255963
837.238 0.0255810
837.927 0.0255654
838.615 0.0255498
839.304 0.0255340
839.992 0.0255181
840.680 0.0255020
841.367 0.0254859
842.054 0.0254696
842.741 0.0254533
843.428 0.0254368
844.114 0.0254203
844.800 0.0254036
845.485 0.0253870
846.170 0.0253702
846.855 0.0253534
847.540 0.0253365
848.224 0.0253196
848.908 0.0253027
849.592 0.0252857
850.275 0.0252687
850.958 0.0252517
851.641 0.0252347
852.323 0.0252177
853.005 0.0252007
853.687 0.0251837
854.368 0.0251668
855.049 0.0251499
855.730 0.0251331
856.410 0.0251163
857.090 0.0250995
857.769 0.0250829
858.449 0.0250663
859.128 0.0250498
859.806 0.0250334
860.485 0.0250171
861.163 0.0250009
861.840 0.0249848
862.518 0.0249688
863.195 0.0249530
863.871 0.0249373
864.548 0.0249218
865.224 0.0249064
865.899 0.0248912
866.574 0.0248761
867.249 0.0248612
867.924 0.0248465
868.598 0.0248320
869.272 0.0248177
869.946 0.0248035
870.619 0.0247896
871.292 0.0247759
871.964 0.0247624
872.636 0.0247491
873.308 0.0247360
873.979 0.0247232
874.651 0.0247105
875.321 0.0246982
875.992 0.0246860
876.662 0.0246741
877.331 0.0246625
878.001 0.0246511
878.670 0.0246400
879.338 0.0246291
880.007 0.0246185
880.675 0.0246081
881.342 0.0245980
882.009 0.0245882
882.676 0.0245786
883.343 0.0245693
884.009 0.0245603
884.675 0.0245516
885.340 0.0245431
886.005 0.0245349
886.670 0.0245269
887.334 0.0245193
887.998 0.0245119
888.662 0.0245047
889.325 0.0244979
889.988 0.0244913
890.650 0.0244850
891.312 0.0244789
891.974 0.0244731
892.636 0.0244676
893.297 0.0244623
893.957 0.0244573
894.618 0.0244525
895.278 0.0244480
895.937 0.0244438
896.596 0.0244398
897.255 0.0244360
897.914 0.0244325
898.572 0.0244292
899.230 0.0244261
899.887 0.0244233
900.544 0.0244207
901.201 0.0244183
901.857 0.0244161
902.513 0.0244141
903.168 0.0244123
903.823 0.0244108
904.478 0.0244094
905.132 0.0244082
905.786 0.0244072
906.440 0.0244063
907.093 0.0244057
907.746 0.0244052
908.399 0.0244048
909.051 0.0244046
909.703 0.0244046
910.354 0.0244047
911.005 0.0244049
911.656 0.0244053
912.306 0.0244058
912.956 0.0244064
913.605 0.0244070
914.254 0.0244078
914.903 0.0244087
915.551 0.0244097
916.199 0.0244108
916.847 0.0244119
917.494 0.0244131
918.141 0.0244144
918.788 0.0244157
919.434 0.0244170
920.079 0.0244184
920.725 0.0244199
921.370 0.0244213
922.014 0.0244228
922.658 0.0244242
923.302 0.0244257
923.946 0.0244272
924.589 0.0244287
925.231 0.0244301
925.873 0.0244316
926.515 0.0244330
927.157 0.0244343
927.798 0.0244356
928.439 0.0244369
929.079 0.0244381
929.719 0.0244393
930.359 0.0244403
930.998 0.0244413
931.637 0.0244423
932.275 0.0244431
932.913 0.0244438
933.551 0.0244445
934.188 0.0244450
934.825 0.0244455
935.462 0.0244458
936.098 0.0244460
936.733 0.0244460
937.369 0.0244460
938.004 0.0244457
938.638 0.0244454
939.273 0.0244449
939.907 0.0244443
940.540 0.0244435
941.173 0.0244425
941.806 0.0244414
942.438 0.0244401
943.070 0.0244386
943.702 0.0244370
944.333 0.0244351
944.964 0.0244331
945.594 0.0244309
946.224 0.0244286
946.854 0.0244260
947.483 0.0244232
948.112 0.0244202
948.741 0.0244170
949.369 0.0244137
949.996 0.0244101
950.624 0.0244063
951.251 0.0244023
951.878 0.0243980
952.504 0.0243936
953.130 0.0243890
953.755 0.0243841
954.380 0.0243790
955.005 0.0243737
955.629 0.0243682
956.253 0.0243624
956.877 0.0243564
957.500 0.0243502
958.123 0.0243438
958.746 0.0243371
959.368 0.0243303
959.990 0.0243232
960.611 0.0243177
961.232 0.0243121
961.853 0.0243062
962.473 0.0243001
963.093 0.0242938
963.712 0.0242873
964.331 0.0242805
964.950 0.0242735
965.569 0.0242663
966.187 0.0242588
966.804 0.0242512
967.422 0.0242433
968.039 0.0242352
968.655 0.0242269
969.272 0.0242184
969.887 0.0242097
970.503 0.0242008
971.118 0.0241916
971.733 0.0241823
972.347 0.0241728
972.961 0.0241630
973.575 0.0241531
974.188 0.0241430
974.801 0.0241327
975.414 0.0241222
976.026 0.0241115
976.638 0.0241007
977.250 0.0240897
977.861 0.0240785
978.472 0.0240671
979.083 0.0240556
979.693 0.0240439
980.303 0.0240321
980.912 0.0240201
981.521 0.0240080
982.130 0.0239957
982.738 0.0239833
983.346 0.0239707
983.954 0.0239581
984.562 0.0239452
985.169 0.0239323
985.775 0.0239193
986.382 0.0239061
986.988 0.0238928
987.594 0.0238795
988.199 0.0238660
988.804 0.0238524
989.409 0.0238388
990.013 0.0238250
990.617 0.0238112
991.221 0.0237973
991.824 0.0237834
992.427 0.0237693
993.030 0.0237552
993.632 0.0237411
994.234 0.0237269
994.836 0.0237126
995.438 0.0236983
996.039 0.0236840
996.640 0.0236696
997.240 0.0236553
997.840 0.0236409
998.440 0.0236265
999.040 0.0236120
999.639 0.0235976
1000.238 0.0235825
1000.836 0.0235664
1001.435 0.0235502
1002.033 0.0235342
1002.630 0.0235181
1003.228 0.0235021
1003.825 0.0234861
1004.422 0.0234701
1005.018 0.0234542
1005.614 0.0234383
1006.210 0.0234225
1006.806 0.0234067
1007.401 0.0233910
1007.996 0.0233754
1008.591 0.0233598
1009.186 0.0233443
1009.780 0.0233289
1010.374 0.0233136
1010.967 0.0232984
1011.561 0.0232832
1012.154 0.0232682
1012.746 0.0232533
1013.339 0.0232384
1013.931 0.0232237
1014.523 0.0232091
1015.115 0.0231946
1015.706 0.0231802
1016.298 0.0231660
1016.888 0.0231519
1017.479 0.0231379
1018.069 0.0231241
1018.660 0.0231104
1019.250 0.0230968
1019.839 0.0230834
1020.429 0.0230702
1021.018 0.0230571
1021.607 0.0230442
1022.195 0.0230314
1022.784 0.0230188
1023.372 0.0230064
1023.960 0.0229941
1024.547 0.0229820
1025.135 0.0229701
1025.722 0.0229584
1026.309 0.0229468
1026.896 0.0229355
1027.483 0.0229243
1028.069 0.0229133
1028.655 0.0229025
1029.241 0.0228919
1029.827 0.0228816
1030.412 0.0228714
1030.997 0.0228614
1031.582 0.0228516
1032.167 0.0228420
1032.752 0.0228327
1033.336 0.0228235
1033.921 0.0228146
1034.505 0.0228058
1035.089 0.0227973
1035.672 0.0227890
1036.256 0.0227809
1036.839 0.0227731
1037.422 0.0227654
1038.005 0.0227580
1038.588 0.0227508
1039.171 0.0227438
1039.753 0.0227371
1040.335 0.0227306
1040.918 0.0227243
1041.500 0.0227182
1042.081 0.0227124
1042.663 0.0227067
1043.244 0.0227014
1043.826 0.0226962
1044.407 0.0226913
1044.988 0.0226866
1045.569 0.0226821
1046.150 0.0226778
1046.730 0.0226738
1047.311 0.0226700
1047.891 0.0226665
1048.471 0.0226631
1049.052 0.0226600
1049.632 0.0226572
1050.211 0.0226545
1050.791 0.0226521
1051.371 0.0226499
1051.950 0.0226479
1052.530 0.0226461
1053.109 0.0226446
1053.688 0.0226433
1054.268 0.0226422
1054.847 0.0226413
1055.426 0.0226406
1056.005 0.0226402
1056.583 0.0226400
1057.162 0.0226400
1057.741 0.0226402
1058.319 0.0226406
1058.898 0.0226412
1059.476 0.0226420
1060.055 0.0226430
1060.633 0.0226443
1061.211 0.0226457
1061.790 0.0226473
1062.368 0.0226492
1062.946 0.0226512
1063.524 0.0226534
1064.102 0.0226558
1064.680 0.0226584
1065.258 0.0226612
1065.836 0.0226641
1066.414 0.0226673
1066.992 0.0226706
1067.570 0.0226741
1068.148 0.0226778
1068.726 0.0226816
1069.304 0.0226857
1069.882 0.0226899
1070.460 0.0226942
1071.038 0.0226987
1071.616 0.0227034
1072.194 0.0227082
1072.772 0.0227132
1073.350 0.0227183
1073.928 0.0227235
1074.506 0.0227289
1075.084 0.0227345
1075.662 0.0227402
1076.240 0.0227460
1076.819 0.0227519
1077.397 0.0227580
1077.976 0.0227642
1078.554 0.0227705
1079.133 0.0227770
1079.711 0.0227835
1080.290 0.0227902
1080.869 0.0227969
1081.448 0.0228038
1082.027 0.0228107
1082.606 0.0228178
1083.185 0.0228250
1083.764 0.0228322
1084.343 0.0228395
1084.923 0.0228469
1085.502 0.0228544
1086.082 0.0228620
1086.662 0.0228696
1087.242 0.0228773
1087.822 0.0228850
1088.402 0.0228929
1088.983 0.0229007
1089.563 0.0229087
1090.144 0.0229166
1090.725 0.0229247
1091.306 0.0229327
1091.887 0.0229408
1092.469 0.0229489
1093.050 0.0229571
1093.632 0.0229653
1094.214 0.0229735
1094.796 0.0229817
1095.379 0.0229899
1095.961 0.0229982
1096.544 0.0230064
1097.127 0.0230147
1097.710 0.0230229
1098.294 0.0230312
1098.877 0.0230394
1099.461 0.0230476
1100.046 0.0230558
1100.630 0.0230640
1101.215 0.0230722
1101.800 0.0230803
1102.385 0.0230884
1102.970 0.0230965
1103.556 0.0231045
1104.142 0.0231125
1104.728 0.0231204
1105.315 0.0231283
1105.902 0.0231361
1106.489 0.0231439
1107.077 0.0231516
1107.664 0.0231592
1108.253 0.0231668
1108.841 0.0231742
1109.430 0.0231817
1110.019 0.0231890
1110.609 0.0231962
1111.198 0.0232034
1111.789 0.0232105
1112.379 0.0232174
1112.970 0.0232243
1113.561 0.0232310
1114.153 0.0232377
1114.745 0.0232443
1115.338 0.0232507
1115.931 0.0232570
1116.524 0.0232632
1117.117 0.0232693
1117.712 0.0232752
1118.306 0.0232810
1118.901 0.0232867
1119.496 0.0232923
1120.092 0.0232977
1120.689 0.0233029
1121.285 0.0233080
1121.882 0.0233130
1122.480 0.0233178
1123.078 0.0233225
1123.677 0.0233270
1124.276 0.0233313
1124.875 0.0233355
1125.476 0.0233395
1126.076 0.0233433
1126.677 0.0233469
1127.279 0.0233504
1127.881 0.0233537
1128.484 0.0233568
1129.087 0.0233597
1129.691 0.0233625
1130.295 0.0233650
1130.900 0.0233674
1131.505 0.0233695
1132.111 0.0233715
1132.718 0.0233732
1133.325 0.0233748
1133.933 0.0233761
1134.541 0.0233773
1135.150 0.0233782
1135.760 0.0233789
1136.370 0.0233794
1136.981 0.0233797
1137.592 0.0233798
1138.204 0.0233796
1138.817 0.0233792
1139.431 0.0233786
1140.045 0.0233778
1140.660 0.0233767
1141.275 0.0233755
1141.891 0.0233739
1142.508 0.0233722
1143.126 0.0233702
1143.744 0.0233680
1144.363 0.0233655
1144.983 0.0233628
