432.689 0.0463081
433.621 0.0461679
434.552 0.0460289
435.482 0.0458913
436.410 0.0457552
437.337 0.0456204
438.262 0.0454870
439.187 0.0453547
440.110 0.0452238
441.031 0.0450943
441.952 0.0449658
442.871 0.0448387
443.789 0.0447128
444.705 0.0445881
445.621 0.0444644
446.535 0.0443421
447.447 0.0442209
448.359 0.0441008
449.269 0.0439818
450.178 0.0438639
451.086 0.0437471
451.993 0.0436313
452.898 0.0435167
453.803 0.0434030
454.706 0.0432904
455.608 0.0431788
456.508 0.0430683
457.408 0.0429586
458.306 0.0428500
459.204 0.0427422
460.100 0.0426355
460.995 0.0425297
461.888 0.0424250
462.781 0.0423210
463.673 0.0422179
464.563 0.0421158
465.452 0.0420146
466.340 0.0419142
467.228 0.0418145
468.114 0.0417158
468.999 0.0416179
469.882 0.0415210
470.765 0.0414247
471.647 0.0413292
472.528 0.0412345
473.407 0.0411406
474.286 0.0410475
475.163 0.0409552
476.040 0.0408635
476.915 0.0407726
477.790 0.0406824
478.663 0.0405930
479.535 0.0405043
480.407 0.0404162
481.277 0.0403289
482.147 0.0402422
483.015 0.0401563
483.883 0.0400709
484.749 0.0399863
485.615 0.0399023
486.479 0.0398190
487.343 0.0397362
488.206 0.0396541
489.067 0.0395728
489.928 0.0394919
490.788 0.0394117
491.647 0.0393321
492.505 0.0392532
493.362 0.0391748
494.218 0.0390970
495.073 0.0390198
495.928 0.0389432
496.781 0.0388671
497.634 0.0387916
498.486 0.0387167
499.337 0.0386423
500.187 0.0385684
501.036 0.0384952
501.884 0.0384224
502.731 0.0383502
503.578 0.0382785
504.424 0.0382072
505.268 0.0381366
506.113 0.0380663
506.956 0.0379966
507.798 0.0379274
508.640 0.0378586
509.480 0.0377904
510.320 0.0377225
511.160 0.0376551
511.998 0.0375882
512.836 0.0375216
513.672 0.0374557
514.508 0.0373900
515.344 0.0373248
516.178 0.0372601
517.012 0.0371957
517.845 0.0371318
518.677 0.0370683
519.508 0.0370052
520.339 0.0369425
521.169 0.0368802
521.998 0.0368183
522.826 0.0367568
523.654 0.0366957
524.481 0.0366350
525.307 0.0365747
526.133 0.0365148
526.958 0.0364552
527.782 0.0363961
528.605 0.0363374
529.428 0.0362790
530.250 0.0362210
531.072 0.0361633
531.892 0.0361062
532.712 0.0360493
533.532 0.0359928
534.350 0.0359367
535.168 0.0358810
535.986 0.0358256
536.802 0.0357706
537.618 0.0357160
538.434 0.0356617
539.249 0.0356077
540.063 0.0355541
540.876 0.0355009
541.689 0.0354480
542.501 0.0353954
543.313 0.0353432
544.124 0.0352912
544.934 0.0352396
545.744 0.0351883
546.553 0.0351373
547.361 0.0350866
548.169 0.0350362
548.976 0.0349861
549.783 0.0349362
550.589 0.0348866
551.395 0.0348373
552.200 0.0347882
553.004 0.0347394
553.808 0.0346908
554.611 0.0346426
555.414 0.0345945
556.216 0.0345467
557.018 0.0344990
557.819 0.0344517
558.619 0.0344046
559.419 0.0343577
560.218 0.0343110
561.017 0.0342646
561.815 0.0342184
562.613 0.0341724
563.410 0.0341266
564.207 0.0340811
565.003 0.0340357
565.799 0.0339906
566.594 0.0339458
567.388 0.0339012
568.182 0.0338568
568.976 0.0338126
569.769 0.0337687
570.562 0.0337250
571.354 0.0336815
572.145 0.0336384
572.936 0.0335954
573.727 0.0335527
574.517 0.0335102
575.307 0.0334680
576.096 0.0334261
576.885 0.0333844
577.673 0.0333430
578.461 0.0333018
579.248 0.0332609
580.035 0.0332203
580.821 0.0331799
581.607 0.0331398
582.392 0.0330999
583.177 0.0330603
583.962 0.0330209
584.746 0.0329818
585.529 0.0329430
586.313 0.0329043
587.095 0.0328660
587.878 0.0328278
588.660 0.0327899
589.441 0.0327522
590.222 0.0327148
591.003 0.0326775
591.783 0.0326405
592.563 0.0326036
593.342 0.0325670
594.121 0.0325305
594.899 0.0324943
595.678 0.0324581
596.455 0.0324222
597.233 0.0323864
598.009 0.0323508
598.786 0.0323153
599.562 0.0322800
600.338 0.0322447
601.113 0.0322096
601.888 0.0321747
602.663 0.0321398
603.437 0.0321050
604.211 0.0320703
604.984 0.0320358
605.757 0.0320013
606.530 0.0319669
607.302 0.0319326
608.074 0.0318984
608.845 0.0318643
609.616 0.0318303
610.387 0.0317963
611.158 0.0317624
611.928 0.0317286
612.697 0.0316950
613.467 0.0316613
614.236 0.0316278
615.004 0.0315944
615.773 0.0315610
616.541 0.0315277
617.308 0.0314946
618.076 0.0314616
618.843 0.0314286
619.609 0.0313959
620.375 0.0313632
621.141 0.0313307
621.907 0.0312982
622.672 0.0312660
623.437 0.0312339
624.202 0.0312019
624.966 0.0311701
625.730 0.0311385
626.493 0.0311071
627.257 0.0310758
628.020 0.0310448
628.782 0.0310139
629.545 0.0309832
630.307 0.0309527
631.068 0.0309225
631.830 0.0308924
632.591 0.0308626
633.352 0.0308330
634.112 0.0308036
634.872 0.0307745
635.632 0.0307456
636.392 0.0307168
637.151 0.0306884
637.910 0.0306601
638.668 0.0306321
639.427 0.0306043
640.185 0.0305767
640.943 0.0305494
641.700 0.0305223
642.457 0.0304953
643.214 0.0304686
643.971 0.0304421
644.727 0.0304158
645.483 0.0303896
646.239 0.0303636
646.994 0.0303379
647.750 0.0303122
648.505 0.0302867
649.259 0.0302614
650.014 0.0302362
650.768 0.0302112
651.521 0.0301863
652.275 0.0301614
653.028 0.0301367
653.781 0.0301121
654.534 0.0300875
655.286 0.0300630
656.039 0.0300386
656.791 0.0300142
657.542 0.0299899
658.294 0.0299656
659.045 0.0299413
659.796 0.0299170
660.546 0.0298928
661.297 0.0298685
662.047 0.0298442
662.796 0.0298200
663.546 0.0297956
664.295 0.0297713
665.044 0.0297470
665.793 0.0297225
666.542 0.0296981
667.290 0.0296736
668.038 0.0296491
668.786 0.0296245
669.533 0.0295999
670.281 0.0295752
671.028 0.0295505
671.774 0.0295258
672.521 0.0295009
673.267 0.0294761
674.013 0.0294512
674.759 0.0294263
675.505 0.0294013
676.250 0.0293763
676.995 0.0293514
677.740 0.0293264
678.484 0.0293014
679.229 0.0292763
679.973 0.0292513
680.717 0.0292264
681.460 0.0292014
682.204 0.0291765
682.947 0.0291517
683.690 0.0291269
684.433 0.0291021
685.175 0.0290775
685.917 0.0290529
686.659 0.0290285
687.401 0.0290041
688.142 0.0289799
688.884 0.0289557
689.625 0.0289318
690.365 0.0289080
691.106 0.0288843
691.846 0.0288608
692.586 0.0288375
693.326 0.0288144
694.066 0.0287915
694.805 0.0287688
695.545 0.0287462
696.284 0.0287239
697.022 0.0287019
697.761 0.0286801
698.499 0.0286585
699.237 0.0286371
699.975 0.0286160
700.713 0.0285952
701.450 0.0285746
702.187 0.0285543
702.924 0.0285342
703.661 0.0285144
704.397 0.0284948
705.133 0.0284755
705.869 0.0284565
706.605 0.0284377
707.341 0.0284191
708.076 0.0284008
708.811 0.0283828
709.546 0.0283649
710.281 0.0283474
711.015 0.0283300
711.749 0.0283129
712.483 0.0282959
713.217 0.0282792
713.950 0.0282627
714.684 0.0282463
715.417 0.0282302
716.150 0.0282142
716.882 0.0281983
717.615 0.0281826
718.347 0.0281670
719.079 0.0281515
719.811 0.0281362
720.542 0.0281209
721.273 0.0281058
722.005 0.0280907
722.735 0.0280756
723.466 0.0280606
724.196 0.0280457
724.927 0.0280307
725.656 0.0280158
726.386 0.0280008
727.116 0.0279858
727.845 0.0279708
728.574 0.0279558
729.303 0.0279407
730.031 0.0279256
730.760 0.0279103
731.488 0.0278950
732.216 0.0278796
732.944 0.0278641
733.671 0.0278485
734.398 0.0278327
735.125 0.0278168
735.852 0.0278008
736.579 0.0277846
737.305 0.0277683
738.031 0.0277519
738.757 0.0277352
739.483 0.0277184
740.208 0.0277015
740.933 0.0276843
741.658 0.0276670
742.383 0.0276495
743.108 0.0276318
743.832 0.0276140
744.556 0.0275960
745.280 0.0275778
746.004 0.0275594
746.727 0.0275409
747.450 0.0275222
748.173 0.0275034
748.896 0.0274844
749.618 0.0274652
750.340 0.0274459
751.062 0.0274265
751.784 0.0274070
752.506 0.0273873
753.227 0.0273675
753.948 0.0273476
754.669 0.0273276
755.389 0.0273076
756.110 0.0272874
756.830 0.0272672
757.550 0.0272470
758.269 0.0272267
758.989 0.0272064
759.708 0.0271861
760.427 0.0271658
761.146 0.0271454
761.864 0.0271252
762.582 0.0271049
763.300 0.0270847
764.018 0.0270646
764.736 0.0270445
765.453 0.0270246
766.170 0.0270047
766.887 0.0269850
767.603 0.0269654
768.320 0.0269459
769.036 0.0269266
769.751 0.0269074
770.467 0.0268885
771.182 0.0268697
771.897 0.0268511
772.612 0.0268327
773.327 0.0268146
774.041 0.0267967
774.755 0.0267790
775.469 0.0267616
776.183 0.0267444
776.896 0.0267275
777.609 0.0267109
778.322 0.0266946
779.035 0.0266785
779.747 0.0266628
780.459 0.0266473
781.171 0.0266322
781.882 0.0266174
782.594 0.0266029
783.305 0.0265887
784.016 0.0265748
784.726 0.0265612
785.436 0.0265480
786.147 0.0265351
786.856 0.0265225
787.566 0.0265102
788.275 0.0264982
788.984 0.0264866
789.693 0.0264753
790.401 0.0264642
791.110 0.0264535
791.818 0.0264431
792.525 0.0264330
793.233 0.0264231
793.940 0.0264136
794.647 0.0264043
795.353 0.0263953
796.060 0.0263865
796.766 0.0263780
797.472 0.0263697
798.177 0.0263617
798.883 0.0263538
799.588 0.0263462
800.292 0.0263388
800.997 0.0263315
801.701 0.0263245
802.405 0.0263176
803.109 0.0263108
803.812 0.0263042
804.515 0.0262977
805.218 0.0262913
805.921 0.0262850
806.623 0.0262789
807.325 0.0262727
808.027 0.0262667
808.728 0.0262606
809.429 0.0262546
810.130 0.0262487
810.831 0.0262427
811.531 0.0262367
812.231 0.0262307
812.931 0.0262247
813.630 0.0262186
814.330 0.0262124
815.029 0.0262062
815.727 0.0261998
816.426 0.0261934
817.124 0.0261869
817.821 0.0261802
818.519 0.0261734
819.216 0.0261665
819.913 0.0261594
820.609 0.0261521
821.306 0.0261446
822.002 0.0261370
822.697 0.0261291
823.393 0.0261211
824.088 0.0261128
824.783 0.0261043
825.477 0.0260956
826.171 0.0260867
826.865 0.0260774
827.559 0.0260680
828.252 0.0260583
828.945 0.0260483
829.638 0.0260381
830.330 0.0260276
831.023 0.0260168
831.714 0.0260057
832.406 0.0259944
833.097 0.0259828
833.788 0.0259709
834.479 0.0259587
835.169 0.0259463
835.859 0.0259335
836.548 0.0259205
837.238 0.0259072
837.927 0.0258937
838.615 0.0258799
839.304 0.0258658
839.992 0.0258514
840.680 0.0258368
841.367 0.0258219
842.054 0.0258068
842.741 0.0257914
843.428 0.0257758
844.114 0.0257600
844.800 0.0257439
845.485 0.0257277
846.170 0.0257112
846.855 0.0256945
847.540 0.0256776
848.224 0.0256606
848.908 0.0256434
849.592 0.0256260
850.275 0.0256085
850.958 0.0255908
851.641 0.0255730
852.323 0.0255551
853.005 0.0255370
853.687 0.0255189
854.368 0.0255007
855.049 0.0254824
855.730 0.0254641
856.410 0.0254457
857.090 0.0254273
857.769 0.0254088
858.449 0.0253903
859.128 0.0253719
859.806 0.0253535
860.485 0.0253350
861.163 0.0253166
861.840 0.0252983
862.518 0.0252800
863.195 0.0252618
863.871 0.0252437
864.548 0.0252257
865.224 0.0252078
865.899 0.0251901
866.574 0.0251724
867.249 0.0251550
867.924 0.0251376
868.598 0.0251205
869.272 0.0251035
869.946 0.0250867
870.619 0.0250701
871.292 0.0250538
871.964 0.0250376
872.636 0.0250217
873.308 0.0250060
873.979 0.0249906
874.651 0.0249755
875.321 0.0249606
875.992 0.0249460
876.662 0.0249317
877.331 0.0249176
878.001 0.0249039
878.670 0.0248905
879.338 0.0248774
880.007 0.0248646
880.675 0.0248521
881.342 0.0248400
882.009 0.0248282
882.676 0.0248167
883.343 0.0248056
884.009 0.0247948
884.675 0.0247843
885.340 0.0247743
886.005 0.0247645
886.670 0.0247551
887.334 0.0247461
887.998 0.0247375
888.662 0.0247291
889.325 0.0247212
889.988 0.0247136
890.650 0.0247064
891.312 0.0246995
891.974 0.0246930
892.636 0.0246868
893.297 0.0246809
893.957 0.0246754
894.618 0.0246703
895.278 0.0246655
895.937 0.0246610
896.596 0.0246569
897.255 0.0246531
897.914 0.0246496
898.572 0.0246464
899.230 0.0246435
899.887 0.0246409
900.544 0.0246387
901.201 0.0246367
901.857 0.0246350
902.513 0.0246335
903.168 0.0246324
903.823 0.0246315
904.478 0.0246308
905.132 0.0246304
905.786 0.0246302
906.440 0.0246303
907.093 0.0246305
907.746 0.0246310
908.399 0.0246317
909.051 0.0246325
909.703 0.0246336
910.354 0.0246348
911.005 0.0246361
911.656 0.0246376
912.306 0.0246393
912.956 0.0246411
913.605 0.0246430
914.254 0.0246449
914.903 0.0246470
915.551 0.0246492
916.199 0.0246515
916.847 0.0246538
917.494 0.0246561
918.141 0.0246585
918.788 0.0246610
919.434 0.0246634
920.079 0.0246659
920.725 0.0246683
921.370 0.0246708
922.014 0.0246732
922.658 0.0246756
923.302 0.0246779
923.946 0.0246802
924.589 0.0246824
925.231 0.0246845
925.873 0.0246866
926.515 0.0246886
927.157 0.0246904
927.798 0.0246922
928.439 0.0246938
929.079 0.0246953
929.719 0.0246966
930.359 0.0246978
930.998 0.0246988
931.637 0.0246997
932.275 0.0247004
932.913 0.0247009
933.551 0.0247012
934.188 0.0247013
934.825 0.0247012
935.462 0.0247008
936.098 0.0247003
936.733 0.0246995
937.369 0.0246985
938.004 0.0246973
938.638 0.0246958
939.273 0.0246940
939.907 0.0246920
940.540 0.0246897
941.173 0.0246872
941.806 0.0246844
942.438 0.0246813
943.070 0.0246779
943.702 0.0246742
944.333 0.0246703
944.964 0.0246660
945.594 0.0246615
946.224 0.0246567
946.854 0.0246515
947.483 0.0246461
948.112 0.0246404
948.741 0.0246343
949.369 0.0246280
949.996 0.0246213
950.624 0.0246144
951.251 0.0246071
951.878 0.0245995
952.504 0.0245917
953.130 0.0245835
953.755 0.0245750
954.380 0.0245662
955.005 0.0245571
955.629 0.0245477
956.253 0.0245380
956.877 0.0245280
957.500 0.0245177
958.123 0.0245071
958.746 0.0244963
959.368 0.0244851
959.990 0.0244737
960.611 0.0244639
961.232 0.0244539
961.853 0.0244436
962.473 0.0244331
963.093 0.0244223
963.712 0.0244112
964.331 0.0243999
964.950 0.0243883
965.569 0.0243764
966.187 0.0243644
966.804 0.0243521
967.422 0.0243395
968.039 0.0243267
968.655 0.0243138
969.272 0.0243005
969.887 0.0242871
970.503 0.0242735
971.118 0.0242597
971.733 0.0242457
972.347 0.0242316
972.961 0.0242172
973.575 0.0242027
974.188 0.0241881
974.801 0.0241733
975.414 0.0241583
976.026 0.0241432
976.638 0.0241280
977.250 0.0241127
977.861 0.0240972
978.472 0.0240817
979.083 0.0240660
979.693 0.0240503
980.303 0.0240345
980.912 0.0240186
981.521 0.0240027
982.130 0.0239866
982.738 0.0239706
983.346 0.0239545
983.954 0.0239384
984.562 0.0239222
985.169 0.0239061
985.775 0.0238899
986.382 0.0238738
986.988 0.0238576
987.594 0.0238415
988.199 0.0238254
988.804 0.0238093
989.409 0.0237933
990.013 0.0237773
990.617 0.0237614
991.221 0.0237455
991.824 0.0237297
992.427 0.0237140
993.030 0.0236984
993.632 0.0236829
994.234 0.0236675
994.836 0.0236522
995.438 0.0236370
996.039 0.0236219
996.640 0.0236070
997.240 0.0235922
997.840 0.0235776
998.440 0.0235631
999.040 0.0235488
999.639 0.0235346
1000.238 0.0235200
1000.836 0.0235045
1001.435 0.0234891
1002.033 0.0234739
1002.630 0.0234590
1003.228 0.0234443
1003.825 0.0234298
1004.422 0.0234155
1005.018 0.0234014
1005.614 0.0233876
1006.210 0.0233740
1006.806 0.0233606
1007.401 0.0233475
1007.996 0.0233347
1008.591 0.0233221
1009.186 0.0233097
1009.780 0.0232976
1010.374 0.0232858
1010.967 0.0232743
1011.561 0.0232630
1012.154 0.0232521
1012.746 0.0232414
1013.339 0.0232310
1013.931 0.0232208
1014.523 0.0232110
1015.115 0.0232015
1015.706 0.0231922
1016.298 0.0231833
1016.888 0.0231746
1017.479 0.0231663
1018.069 0.0231582
1018.660 0.0231505
1019.250 0.0231431
1019.839 0.0231360
1020.429 0.0231291
1021.018 0.0231226
1021.607 0.0231165
1022.195 0.0231106
1022.784 0.0231050
1023.372 0.0230998
1023.960 0.0230948
1024.547 0.0230902
1025.135 0.0230859
1025.722 0.0230819
1026.309 0.0230782
1026.896 0.0230748
1027.483 0.0230717
1028.069 0.0230689
1028.655 0.0230664
1029.241 0.0230643
1029.827 0.0230624
1030.412 0.0230609
1030.997 0.0230596
1031.582 0.0230586
1032.167 0.0230580
1032.752 0.0230576
1033.336 0.0230575
1033.921 0.0230577
1034.505 0.0230582
1035.089 0.0230590
1035.672 0.0230600
1036.256 0.0230613
1036.839 0.0230629
1037.422 0.0230648
1038.005 0.0230669
1038.588 0.0230693
1039.171 0.0230720
1039.753 0.0230749
1040.335 0.0230780
1040.918 0.0230814
1041.500 0.0230850
1042.081 0.0230889
1042.663 0.0230930
1043.244 0.0230974
1043.826 0.0231019
1044.407 0.0231067
1044.988 0.0231117
1045.569 0.0231169
1046.150 0.0231223
1046.730 0.0231279
1047.311 0.0231337
1047.891 0.0231397
1048.471 0.0231458
1049.052 0.0231522
1049.632 0.0231587
1050.211 0.0231654
1050.791 0.0231722
1051.371 0.0231792
1051.950 0.0231864
1052.530 0.0231937
1053.109 0.0232011
1053.688 0.0232087
1054.268 0.0232164
1054.847 0.0232242
1055.426 0.0232321
1056.005 0.0232401
1056.583 0.0232483
1057.162 0.0232565
1057.741 0.0232648
1058.319 0.0232732
1058.898 0.0232817
1059.476 0.0232902
1060.055 0.0232989
1060.633 0.0233075
1061.211 0.0233163
1061.790 0.0233250
1062.368 0.0233339
1062.946 0.0233427
1063.524 0.0233516
1064.102 0.0233605
1064.680 0.0233694
1065.258 0.0233783
1065.836 0.0233872
1066.414 0.0233961
1066.992 0.0234050
1067.570 0.0234139
1068.148 0.0234228
1068.726 0.0234316
1069.304 0.0234404
1069.882 0.0234492
1070.460 0.0234579
1071.038 0.0234666
1071.616 0.0234752
1072.194 0.0234837
1072.772 0.0234922
1073.350 0.0235006
1073.928 0.0235089
1074.506 0.0235171
1075.084 0.0235252
1075.662 0.0235332
1076.240 0.0235411
1076.819 0.0235489
1077.397 0.0235566
1077.976 0.0235642
1078.554 0.0235716
1079.133 0.0235789
1079.711 0.0235860
1080.290 0.0235930
1080.869 0.0235999
1081.448 0.0236066
1082.027 0.0236132
1082.606 0.0236195
1083.185 0.0236257
1083.764 0.0236318
1084.343 0.0236376
1084.923 0.0236433
1085.502 0.0236488
1086.082 0.0236541
1086.662 0.0236592
1087.242 0.0236640
1087.822 0.0236687
1088.402 0.0236732
1088.983 0.0236774
1089.563 0.0236815
1090.144 0.0236853
1090.725 0.0236889
1091.306 0.0236922
1091.887 0.0236953
1092.469 0.0236982
1093.050 0.0237008
1093.632 0.0237032
1094.214 0.0237054
1094.796 0.0237073
1095.379 0.0237089
1095.961 0.0237103
1096.544 0.0237114
1097.127 0.0237122
1097.710 0.0237128
1098.294 0.0237131
1098.877 0.0237132
1099.461 0.0237129
1100.046 0.0237124
1100.630 0.0237116
1101.215 0.0237106
1101.800 0.0237092
1102.385 0.0237076
1102.970 0.0237057
1103.556 0.0237035
1104.142 0.0237010
1104.728 0.0236982
1105.315 0.0236951
1105.902 0.0236917
1106.489 0.0236880
1107.077 0.0236841
1107.664 0.0236798
1108.253 0.0236752
1108.841 0.0236704
1109.430 0.0236652
1110.019 0.0236598
1110.609 0.0236540
1111.198 0.0236480
1111.789 0.0236416
1112.379 0.0236349
1112.970 0.0236280
1113.561 0.0236207
1114.153 0.0236132
1114.745 0.0236053
1115.338 0.0235971
1115.931 0.0235887
1116.524 0.0235800
1117.117 0.0235709
1117.712 0.0235616
1118.306 0.0235519
1118.901 0.0235420
1119.496 0.0235318
1120.092 0.0235213
1120.689 0.0235105
1121.285 0.0234994
1121.882 0.0234880
1122.480 0.0234764
1123.078 0.0234645
1123.677 0.0234522
1124.276 0.0234398
1124.875 0.0234270
1125.476 0.0234140
1126.076 0.0234007
1126.677 0.0233871
1127.279 0.0233732
1127.881 0.0233592
1128.484 0.0233448
1129.087 0.0233302
1129.691 0.0233153
1130.295 0.0233002
1130.900 0.0232849
1131.505 0.0232693
1132.111 0.0232534
1132.718 0.0232373
1133.325 0.0232210
1133.933 0.0232045
1134.541 0.0231878
1135.150 0.0231708
1135.760 0.0231536
1136.370 0.0231362
1136.981 0.0231186
1137.592 0.0231008
1138.204 0.0230828
1138.817 0.0230646
1139.431 0.0230462
1140.045 0.0230276
1140.660 0.0230088
1141.275 0.0229899
1141.891 0.0229708
1142.508 0.0229515
1143.126 0.0229321
1143.744 0.0229125
1144.363 0.0228928
1144.983 0.0228730
