432.689 0.0454030
433.621 0.0452665
434.552 0.0451312
435.482 0.0449973
436.410 0.0448648
437.337 0.0447336
438.262 0.0446038
439.187 0.0444751
440.110 0.0443477
441.031 0.0442217
441.952 0.0440968
442.871 0.0439731
443.789 0.0438506
444.705 0.0437294
445.621 0.0436092
446.535 0.0434902
447.447 0.0433724
448.359 0.0432556
449.269 0.0431400
450.178 0.0430254
451.086 0.0429118
451.993 0.0427993
452.898 0.0426879
453.803 0.0425774
454.706 0.0424679
455.608 0.0423595
456.508 0.0422521
457.408 0.0421455
458.306 0.0420400
459.204 0.0419353
460.100 0.0418316
460.995 0.0417289
461.888 0.0416271
462.781 0.0415261
463.673 0.0414259
464.563 0.0413267
465.452 0.0412284
466.340 0.0411309
467.228 0.0410341
468.114 0.0409382
468.999 0.0408431
469.882 0.0407490
470.765 0.0406555
471.647 0.0405628
472.528 0.0404709
473.407 0.0403798
474.286 0.0402894
475.163 0.0401998
476.040 0.0401109
476.915 0.0400228
477.790 0.0399353
478.663 0.0398486
479.535 0.0397626
480.407 0.0396771
481.277 0.0395925
482.147 0.0395084
483.015 0.0394251
483.883 0.0393424
484.749 0.0392604
485.615 0.0391789
486.479 0.0390981
487.343 0.0390179
488.206 0.0389383
489.067 0.0388594
489.928 0.0387810
490.788 0.0387032
491.647 0.0386260
492.505 0.0385494
493.362 0.0384734
494.218 0.0383979
495.073 0.0383230
495.928 0.0382486
496.781 0.0381748
497.634 0.0381015
498.486 0.0380288
499.337 0.0379566
500.187 0.0378849
501.036 0.0378138
501.884 0.0377432
502.731 0.0376731
503.578 0.0376035
504.424 0.0375344
505.268 0.0374659
506.113 0.0373977
506.956 0.0373301
507.798 0.0372631
508.640 0.0371964
509.480 0.0371303
510.320 0.0370647
511.160 0.0369994
511.998 0.0369347
512.836 0.0368703
513.672 0.0368065
514.508 0.0367431
515.344 0.0366801
516.178 0.0366175
517.012 0.0365553
517.845 0.0364936
518.677 0.0364323
519.508 0.0363714
520.339 0.0363108
521.169 0.0362507
521.998 0.0361909
522.826 0.0361315
523.654 0.0360725
524.481 0.0360138
525.307 0.0359555
526.133 0.0358976
526.958 0.0358400
527.782 0.0357827
528.605 0.0357259
529.428 0.0356693
530.250 0.0356131
531.072 0.0355572
531.892 0.0355018
532.712 0.0354466
533.532 0.0353917
534.350 0.0353372
535.168 0.0352830
535.986 0.0352292
536.802 0.0351757
537.618 0.0351225
538.434 0.0350697
539.249 0.0350172
540.063 0.0349650
540.876 0.0349132
541.689 0.0348617
542.501 0.0348106
543.313 0.0347597
544.124 0.0347092
544.934 0.0346590
545.744 0.0346092
546.553 0.0345597
547.361 0.0345105
548.169 0.0344616
548.976 0.0344131
549.783 0.0343648
550.589 0.0343169
551.395 0.0342692
552.200 0.0342218
553.004 0.0341748
553.808 0.0341280
554.611 0.0340816
555.414 0.0340354
556.216 0.0339894
557.018 0.0339438
557.819 0.0338983
558.619 0.0338532
559.419 0.0338083
560.218 0.0337637
561.017 0.0337192
561.815 0.0336750
562.613 0.0336310
563.410 0.0335873
564.207 0.0335437
565.003 0.0335003
565.799 0.0334572
566.594 0.0334142
567.388 0.0333715
568.182 0.0333289
568.976 0.0332865
569.769 0.0332443
570.562 0.0332022
571.354 0.0331604
572.145 0.0331188
572.936 0.0330773
573.727 0.0330360
574.517 0.0329949
575.307 0.0329539
576.096 0.0329132
576.885 0.0328726
577.673 0.0328322
578.461 0.0327920
579.248 0.0327520
580.035 0.0327122
580.821 0.0326726
581.607 0.0326332
582.392 0.0325940
583.177 0.0325550
583.962 0.0325163
584.746 0.0324777
585.529 0.0324394
586.313 0.0324013
587.095 0.0323635
587.878 0.0323258
588.660 0.0322884
589.441 0.0322512
590.222 0.0322143
591.003 0.0321776
591.783 0.0321412
592.563 0.0321050
593.342 0.0320690
594.121 0.0320333
594.899 0.0319979
595.678 0.0319626
596.455 0.0319276
597.233 0.0318928
598.009 0.0318583
598.786 0.0318240
599.562 0.0317899
600.338 0.0317560
601.113 0.0317224
601.888 0.0316889
602.663 0.0316556
603.437 0.0316226
604.211 0.0315897
604.984 0.0315570
605.757 0.0315244
606.530 0.0314920
607.302 0.0314598
608.074 0.0314278
608.845 0.0313958
609.616 0.0313640
610.387 0.0313323
611.158 0.0313007
611.928 0.0312693
612.697 0.0312379
613.467 0.0312066
614.236 0.0311754
615.004 0.0311443
615.773 0.0311132
616.541 0.0310822
617.308 0.0310514
618.076 0.0310205
618.843 0.0309897
619.609 0.0309589
620.375 0.0309282
621.141 0.0308976
621.907 0.0308669
622.672 0.0308364
623.437 0.0308058
624.202 0.0307753
624.966 0.0307449
625.730 0.0307145
626.493 0.0306842
627.257 0.0306539
628.020 0.0306237
628.782 0.0305936
629.545 0.0305635
630.307 0.0305335
631.068 0.0305036
631.830 0.0304738
632.591 0.0304441
633.352 0.0304144
634.112 0.0303849
634.872 0.0303555
635.632 0.0303263
636.392 0.0302971
637.151 0.0302681
637.910 0.0302393
638.668 0.0302107
639.427 0.0301821
640.185 0.0301538
640.943 0.0301256
641.700 0.0300977
642.457 0.0300699
643.214 0.0300423
643.971 0.0300149
644.727 0.0299878
645.483 0.0299608
646.239 0.0299341
646.994 0.0299076
647.750 0.0298813
648.505 0.0298553
649.259 0.0298295
650.014 0.0298039
650.768 0.0297785
651.521 0.0297534
652.275 0.0297285
653.028 0.0297039
653.781 0.0296794
654.534 0.0296552
655.286 0.0296312
656.039 0.0296074
656.791 0.0295838
657.542 0.0295604
658.294 0.0295371
659.045 0.0295141
659.796 0.0294913
660.546 0.0294686
661.297 0.0294460
662.047 0.0294237
662.796 0.0294014
663.546 0.0293793
664.295 0.0293573
665.044 0.0293354
665.793 0.0293136
666.542 0.0292919
667.290 0.0292702
668.038 0.0292487
668.786 0.0292271
669.533 0.0292057
670.281 0.0291842
671.028 0.0291627
671.774 0.0291413
672.521 0.0291199
673.267 0.0290984
674.013 0.0290770
674.759 0.0290555
675.505 0.0290339
676.250 0.0290124
676.995 0.0289907
677.740 0.0289690
678.484 0.0289473
679.229 0.0289255
679.973 0.0289036
680.717 0.0288816
681.460 0.0288596
682.204 0.0288375
682.947 0.0288153
683.690 0.0287930
684.433 0.0287706
685.175 0.0287482
685.917 0.0287256
686.659 0.0287030
687.401 0.0286803
688.142 0.0286576
688.884 0.0286348
689.625 0.0286119
690.365 0.0285890
691.106 0.0285660
691.846 0.0285430
692.586 0.0285200
693.326 0.0284969
694.066 0.0284739
694.805 0.0284508
695.545 0.0284277
696.284 0.0284047
697.022 0.0283817
697.761 0.0283587
698.499 0.0283358
699.237 0.0283130
699.975 0.0282902
700.713 0.0282675
701.450 0.0282449
702.187 0.0282225
702.924 0.0282001
703.661 0.0281779
704.397 0.0281558
705.133 0.0281339
705.869 0.0281122
706.605 0.0280906
707.341 0.0280692
708.076 0.0280481
708.811 0.0280271
709.546 0.0280064
710.281 0.0279859
711.015 0.0279656
711.749 0.0279455
712.483 0.0279258
713.217 0.0279062
713.950 0.0278869
714.684 0.0278679
715.417 0.0278492
716.150 0.0278307
716.882 0.0278125
717.615 0.0277945
718.347 0.0277769
719.079 0.0277595
719.811 0.0277424
720.542 0.0277255
721.273 0.0277090
722.005 0.0276926
722.735 0.0276766
723.466 0.0276608
724.196 0.0276453
724.927 0.0276300
725.656 0.0276149
726.386 0.0276001
727.116 0.0275855
727.845 0.0275711
728.574 0.0275569
729.303 0.0275429
730.031 0.0275292
730.760 0.0275155
731.488 0.0275020
732.216 0.0274887
732.944 0.0274755
733.671 0.0274624
734.398 0.0274495
735.125 0.0274366
735.852 0.0274238
736.579 0.0274111
737.305 0.0273985
738.031 0.0273859
738.757 0.0273733
739.483 0.0273607
740.208 0.0273481
740.933 0.0273355
741.658 0.0273229
742.383 0.0273103
743.108 0.0272976
743.832 0.0272848
744.556 0.0272720
745.280 0.0272590
746.004 0.0272460
746.727 0.0272328
747.450 0.0272196
748.173 0.0272061
748.896 0.0271926
749.618 0.0271789
750.340 0.0271650
751.062 0.0271510
751.784 0.0271368
752.506 0.0271224
753.227 0.0271078
753.948 0.0270930
754.669 0.0270781
755.389 0.0270629
756.110 0.0270475
756.830 0.0270320
757.550 0.0270162
758.269 0.0270002
758.989 0.0269840
759.708 0.0269675
760.427 0.0269509
761.146 0.0269341
761.864 0.0269171
762.582 0.0268999
763.300 0.0268825
764.018 0.0268649
764.736 0.0268471
765.453 0.0268291
766.170 0.0268110
766.887 0.0267927
767.603 0.0267743
768.320 0.0267557
769.036 0.0267370
769.751 0.0267182
770.467 0.0266993
771.182 0.0266803
771.897 0.0266611
772.612 0.0266419
773.327 0.0266227
774.041 0.0266034
774.755 0.0265840
775.469 0.0265647
776.183 0.0265453
776.896 0.0265259
777.609 0.0265065
778.322 0.0264872
779.035 0.0264679
779.747 0.0264487
780.459 0.0264295
781.171 0.0264105
781.882 0.0263915
782.594 0.0263727
783.305 0.0263539
784.016 0.0263354
784.726 0.0263169
785.436 0.0262987
786.147 0.0262806
786.856 0.0262627
787.566 0.0262451
788.275 0.0262276
788.984 0.0262104
789.693 0.0261934
790.401 0.0261767
791.110 0.0261602
791.818 0.0261440
792.525 0.0261281
793.233 0.0261124
793.940 0.0260971
794.647 0.0260821
795.353 0.0260673
796.060 0.0260529
796.766 0.0260388
797.472 0.0260251
798.177 0.0260116
798.883 0.0259985
799.588 0.0259858
800.292 0.0259733
800.997 0.0259613
801.701 0.0259495
802.405 0.0259381
803.109 0.0259270
803.812 0.0259163
804.515 0.0259059
805.218 0.0258959
805.921 0.0258861
806.623 0.0258767
807.325 0.0258677
808.027 0.0258589
808.728 0.0258505
809.429 0.0258423
810.130 0.0258345
810.831 0.0258269
811.531 0.0258197
812.231 0.0258127
812.931 0.0258059
813.630 0.0257995
814.330 0.0257932
815.029 0.0257872
815.727 0.0257814
816.426 0.0257759
817.124 0.0257705
817.821 0.0257653
818.519 0.0257603
819.216 0.0257555
819.913 0.0257508
820.609 0.0257462
821.306 0.0257418
822.002 0.0257375
822.697 0.0257332
823.393 0.0257291
824.088 0.0257250
824.783 0.0257210
825.477 0.0257170
826.171 0.0257130
826.865 0.0257090
827.559 0.0257051
828.252 0.0257011
828.945 0.0256971
829.638 0.0256930
830.330 0.0256889
831.023 0.0256847
831.714 0.0256804
832.406 0.0256760
833.097 0.0256715
833.788 0.0256669
834.479 0.0256622
835.169 0.0256573
835.859 0.0256522
836.548 0.0256469
837.238 0.0256415
837.927 0.0256359
838.615 0.0256301
839.304 0.0256240
839.992 0.0256178
840.680 0.0256113
841.367 0.0256045
842.054 0.0255975
842.741 0.0255903
843.428 0.0255828
844.114 0.0255750
844.800 0.0255669
845.485 0.0255586
846.170 0.0255500
846.855 0.0255411
847.540 0.0255319
848.224 0.0255224
848.908 0.0255126
849.592 0.0255024
850.275 0.0254920
850.958 0.0254813
851.641 0.0254703
852.323 0.0254590
853.005 0.0254474
853.687 0.0254354
854.368 0.0254232
855.049 0.0254107
855.730 0.0253979
856.410 0.0253848
857.090 0.0253714
857.769 0.0253577
858.449 0.0253437
859.128 0.0253295
859.806 0.0253150
860.485 0.0253002
861.163 0.0252852
861.840 0.0252700
862.518 0.0252545
863.195 0.0252387
863.871 0.0252228
864.548 0.0252066
865.224 0.0251902
865.899 0.0251737
866.574 0.0251570
867.249 0.0251400
867.924 0.0251230
868.598 0.0251057
869.272 0.0250884
869.946 0.0250708
870.619 0.0250532
871.292 0.0250355
871.964 0.0250177
872.636 0.0249998
873.308 0.0249818
873.979 0.0249638
874.651 0.0249457
875.321 0.0249276
875.992 0.0249094
876.662 0.0248913
877.331 0.0248732
878.001 0.0248551
878.670 0.0248370
879.338 0.0248190
880.007 0.0248010
880.675 0.0247830
881.342 0.0247652
882.009 0.0247475
882.676 0.0247299
883.343 0.0247123
884.009 0.0246950
884.675 0.0246777
885.340 0.0246606
886.005 0.0246437
886.670 0.0246270
887.334 0.0246104
887.998 0.0245941
888.662 0.0245779
889.325 0.0245620
889.988 0.0245463
890.650 0.0245309
891.312 0.0245157
891.974 0.0245007
892.636 0.0244860
893.297 0.0244716
893.957 0.0244575
894.618 0.0244437
895.278 0.0244301
895.937 0.0244169
896.596 0.0244040
897.255 0.0243915
897.914 0.0243792
898.572 0.0243673
899.230 0.0243557
899.887 0.0243444
900.544 0.0243335
901.201 0.0243230
901.857 0.0243128
902.513 0.0243029
903.168 0.0242935
903.823 0.0242843
904.478 0.0242756
905.132 0.0242672
905.786 0.0242592
906.440 0.0242515
907.093 0.0242442
907.746 0.0242373
908.399 0.0242307
909.051 0.0242245
909.703 0.0242187
910.354 0.0242133
911.005 0.0242082
911.656 0.0242034
912.306 0.0241990
912.956 0.0241950
913.605 0.0241913
914.254 0.0241879
914.903 0.0241849
915.551 0.0241822
916.199 0.0241799
916.847 0.0241779
917.494 0.0241762
918.141 0.0241748
918.788 0.0241737
919.434 0.0241729
920.079 0.0241724
920.725 0.0241722
921.370 0.0241723
922.014 0.0241726
922.658 0.0241732
923.302 0.0241741
923.946 0.0241752
924.589 0.0241765
925.231 0.0241781
925.873 0.0241798
926.515 0.0241818
927.157 0.0241840
927.798 0.0241864
928.439 0.0241889
929.079 0.0241917
929.719 0.0241946
930.359 0.0241976
930.998 0.0242008
931.637 0.0242041
932.275 0.0242075
932.913 0.0242110
933.551 0.0242146
934.188 0.0242184
934.825 0.0242221
935.462 0.0242260
936.098 0.0242299
936.733 0.0242339
937.369 0.0242379
938.004 0.0242419
938.638 0.0242459
939.273 0.0242499
939.907 0.0242539
940.540 0.0242579
941.173 0.0242619
941.806 0.0242658
942.438 0.0242697
943.070 0.0242735
943.702 0.0242772
944.333 0.0242809
944.964 0.0242844
945.594 0.0242879
946.224 0.0242912
946.854 0.0242945
947.483 0.0242976
948.112 0.0243005
948.741 0.0243033
949.369 0.0243060
949.996 0.0243085
950.624 0.0243108
951.251 0.0243129
951.878 0.0243149
952.504 0.0243166
953.130 0.0243182
953.755 0.0243195
954.380 0.0243206
955.005 0.0243215
955.629 0.0243221
956.253 0.0243226
956.877 0.0243227
957.500 0.0243226
958.123 0.0243223
958.746 0.0243217
959.368 0.0243208
959.990 0.0243197
960.611 0.0243201
961.232 0.0243203
961.853 0.0243202
962.473 0.0243198
963.093 0.0243190
963.712 0.0243180
964.331 0.0243167
964.950 0.0243151
965.569 0.0243132
966.187 0.0243109
966.804 0.0243084
967.422 0.0243055
968.039 0.0243023
968.655 0.0242988
969.272 0.0242950
969.887 0.0242908
970.503 0.0242864
971.118 0.0242816
971.733 0.0242765
972.347 0.0242711
972.961 0.0242653
973.575 0.0242593
974.188 0.0242529
974.801 0.0242462
975.414 0.0242392
976.026 0.0242319
976.638 0.0242242
977.250 0.0242163
977.861 0.0242081
978.472 0.0241995
979.083 0.0241907
979.693 0.0241815
980.303 0.0241721
980.912 0.0241624
981.521 0.0241524
982.130 0.0241421
982.738 0.0241316
983.346 0.0241207
983.954 0.0241096
984.562 0.0240983
985.169 0.0240867
985.775 0.0240748
986.382 0.0240627
986.988 0.0240503
987.594 0.0240377
988.199 0.0240249
988.804 0.0240119
989.409 0.0239986
990.013 0.0239852
990.617 0.0239715
991.221 0.0239576
991.824 0.0239436
992.427 0.0239293
993.030 0.0239149
993.632 0.0239003
994.234 0.0238856
994.836 0.0238706
995.438 0.0238556
996.039 0.0238404
996.640 0.0238250
997.240 0.0238096
997.840 0.0237940
998.440 0.0237783
999.040 0.0237625
999.639 0.0237466
1000.238 0.0237300
1000.836 0.0237123
1001.435 0.0236944
1002.033 0.0236766
1002.630 0.0236586
1003.228 0.0236407
1003.825 0.0236227
1004.422 0.0236046
1005.018 0.0235866
1005.614 0.0235686
1006.210 0.0235505
1006.806 0.0235324
1007.401 0.0235144
1007.996 0.0234964
1008.591 0.0234784
1009.186 0.0234604
1009.780 0.0234425
1010.374 0.0234246
1010.967 0.0234069
1011.561 0.0233891
1012.154 0.0233715
1012.746 0.0233539
1013.339 0.0233364
1013.931 0.0233191
1014.523 0.0233018
1015.115 0.0232846
1015.706 0.0232676
1016.298 0.0232507
1016.888 0.0232339
1017.479 0.0232173
1018.069 0.0232008
1018.660 0.0231845
1019.250 0.0231683
1019.839 0.0231523
1020.429 0.0231365
1021.018 0.0231208
1021.607 0.0231054
1022.195 0.0230901
1022.784 0.0230751
1023.372 0.0230602
1023.960 0.0230456
1024.547 0.0230312
1025.135 0.0230169
1025.722 0.0230030
1026.309 0.0229892
1026.896 0.0229757
1027.483 0.0229624
1028.069 0.0229494
1028.655 0.0229366
1029.241 0.0229241
1029.827 0.0229119
1030.412 0.0228999
1030.997 0.0228882
1031.582 0.0228767
1032.167 0.0228656
1032.752 0.0228547
1033.336 0.0228441
1033.921 0.0228337
1034.505 0.0228237
1035.089 0.0228139
1035.672 0.0228045
1036.256 0.0227953
1036.839 0.0227865
1037.422 0.0227779
1038.005 0.0227697
1038.588 0.0227617
1039.171 0.0227541
1039.753 0.0227468
1040.335 0.0227398
1040.918 0.0227331
1041.500 0.0227267
1042.081 0.0227206
1042.663 0.0227148
1043.244 0.0227094
1043.826 0.0227042
1044.407 0.0226994
1044.988 0.0226949
1045.569 0.0226907
1046.150 0.0226869
1046.730 0.0226833
1047.311 0.0226801
1047.891 0.0226771
1048.471 0.0226745
1049.052 0.0226722
1049.632 0.0226702
1050.211 0.0226685
1050.791 0.0226672
1051.371 0.0226661
1051.950 0.0226653
1052.530 0.0226649
1053.109 0.0226647
1053.688 0.0226649
1054.268 0.0226653
1054.847 0.0226660
1055.426 0.0226671
1056.005 0.0226684
1056.583 0.0226700
1057.162 0.0226719
1057.741 0.0226740
1058.319 0.0226765
1058.898 0.0226792
1059.476 0.0226822
1060.055 0.0226854
1060.633 0.0226890
1061.211 0.0226927
1061.790 0.0226968
1062.368 0.0227011
1062.946 0.0227056
1063.524 0.0227104
1064.102 0.0227154
1064.680 0.0227206
1065.258 0.0227261
1065.836 0.0227318
1066.414 0.0227377
1066.992 0.0227439
1067.570 0.0227502
1068.148 0.0227568
1068.726 0.0227636
1069.304 0.0227705
1069.882 0.0227777
1070.460 0.0227850
1071.038 0.0227925
1071.616 0.0228002
1072.194 0.0228081
1072.772 0.0228161
1073.350 0.0228243
1073.928 0.0228326
1074.506 0.0228411
1075.084 0.0228497
1075.662 0.0228584
1076.240 0.0228673
1076.819 0.0228763
1077.397 0.0228855
1077.976 0.0228947
1078.554 0.0229040
1079.133 0.0229135
1079.711 0.0229230
1080.290 0.0229326
1080.869 0.0229423
1081.448 0.0229521
1082.027 0.0229619
1082.606 0.0229718
1083.185 0.0229818
1083.764 0.0229918
1084.343 0.0230018
1084.923 0.0230119
1085.502 0.0230220
1086.082 0.0230321
1086.662 0.0230423
1087.242 0.0230524
1087.822 0.0230626
1088.402 0.0230727
1088.983 0.0230829
1089.563 0.0230930
1090.144 0.0231031
1090.725 0.0231132
1091.306 0.0231233
1091.887 0.0231333
1092.469 0.0231432
1093.050 0.0231531
1093.632 0.0231630
1094.214 0.0231728
1094.796 0.0231825
1095.379 0.0231921
1095.961 0.0232016
1096.544 0.0232111
1097.127 0.0232205
1097.710 0.0232297
1098.294 0.0232389
1098.877 0.0232479
1099.461 0.0232568
1100.046 0.0232656
1100.630 0.0232742
1101.215 0.0232827
1101.800 0.0232911
1102.385 0.0232993
1102.970 0.0233074
1103.556 0.0233153
1104.142 0.0233230
1104.728 0.0233306
1105.315 0.0233379
1105.902 0.0233451
1106.489 0.0233521
1107.077 0.0233590
1107.664 0.0233656
1108.253 0.0233720
1108.841 0.0233782
1109.430 0.0233842
1110.019 0.0233900
1110.609 0.0233955
1111.198 0.0234009
1111.789 0.0234060
1112.379 0.0234108
1112.970 0.0234154
1113.561 0.0234198
1114.153 0.0234239
1114.745 0.0234278
1115.338 0.0234314
1115.931 0.0234348
1116.524 0.0234379
1117.117 0.0234407
1117.712 0.0234432
1118.306 0.0234455
1118.901 0.0234475
1119.496 0.0234492
1120.092 0.0234506
1120.689 0.0234518
1121.285 0.0234526
1121.882 0.0234531
1122.480 0.0234534
1123.078 0.0234533
1123.677 0.0234530
1124.276 0.0234523
1124.875 0.0234513
1125.476 0.0234500
1126.076 0.0234485
1126.677 0.0234465
1127.279 0.0234443
1127.881 0.0234418
1128.484 0.0234389
1129.087 0.0234357
1129.691 0.0234322
1130.295 0.0234283
1130.900 0.0234242
1131.505 0.0234197
1132.111 0.0234149
1132.718 0.0234097
1133.325 0.0234042
1133.933 0.0233984
1134.541 0.0233923
1135.150 0.0233858
1135.760 0.0233790
1136.370 0.0233719
1136.981 0.0233644
1137.592 0.0233566
1138.204 0.0233485
1138.817 0.0233400
1139.431 0.0233312
1140.045 0.0233221
1140.660 0.0233126
1141.275 0.0233029
1141.891 0.0232927
1142.508 0.0232823
1143.126 0.0232715
1143.744 0.0232605
1144.363 0.0232490
1144.983 0.0232373
