432.689 0.0436578
433.621 0.0435288
434.552 0.0434011
435.482 0.0432746
436.410 0.0431495
437.337 0.0430257
438.262 0.0429031
439.187 0.0427816
440.110 0.0426614
441.031 0.0425425
441.952 0.0424246
442.871 0.0423079
443.789 0.0421924
444.705 0.0420780
445.621 0.0419646
446.535 0.0418524
447.447 0.0417414
448.359 0.0416312
449.269 0.0415222
450.178 0.0414142
451.086 0.0413073
451.993 0.0412012
452.898 0.0410963
453.803 0.0409922
454.706 0.0408891
455.608 0.0407870
456.508 0.0406859
457.408 0.0405856
458.306 0.0404863
459.204 0.0403878
460.100 0.0402902
460.995 0.0401935
461.888 0.0400978
462.781 0.0400027
463.673 0.0399085
464.563 0.0398152
465.452 0.0397227
466.340 0.0396310
467.228 0.0395400
468.114 0.0394498
468.999 0.0393604
469.882 0.0392719
470.765 0.0391840
471.647 0.0390968
472.528 0.0390103
473.407 0.0389247
474.286 0.0388397
475.163 0.0387554
476.040 0.0386718
476.915 0.0385890
477.790 0.0385068
478.663 0.0384253
479.535 0.0383445
480.407 0.0382643
481.277 0.0381848
482.147 0.0381058
483.015 0.0380276
483.883 0.0379500
484.749 0.0378730
485.615 0.0377966
486.479 0.0377209
487.343 0.0376457
488.206 0.0375710
489.067 0.0374970
489.928 0.0374236
490.788 0.0373506
491.647 0.0372783
492.505 0.0372064
493.362 0.0371352
494.218 0.0370644
495.073 0.0369942
495.928 0.0369244
496.781 0.0368552
497.634 0.0367865
498.486 0.0367182
499.337 0.0366505
500.187 0.0365833
501.036 0.0365165
501.884 0.0364503
502.731 0.0363846
503.578 0.0363192
504.424 0.0362544
505.268 0.0361901
506.113 0.0361262
506.956 0.0360628
507.798 0.0359999
508.640 0.0359374
509.480 0.0358755
510.320 0.0358139
511.160 0.0357527
511.998 0.0356921
512.836 0.0356319
513.672 0.0355721
514.508 0.0355127
515.344 0.0354537
516.178 0.0353952
517.012 0.0353370
517.845 0.0352793
518.677 0.0352219
519.508 0.0351649
520.339 0.0351083
521.169 0.0350520
521.998 0.0349961
522.826 0.0349406
523.654 0.0348853
524.481 0.0348304
525.307 0.0347759
526.133 0.0347216
526.958 0.0346677
527.782 0.0346141
528.605 0.0345609
529.428 0.0345079
530.250 0.0344553
531.072 0.0344029
531.892 0.0343510
532.712 0.0342993
533.532 0.0342479
534.350 0.0341969
535.168 0.0341462
535.986 0.0340958
536.802 0.0340458
537.618 0.0339961
538.434 0.0339467
539.249 0.0338977
540.063 0.0338490
540.876 0.0338007
541.689 0.0337526
542.501 0.0337049
543.313 0.0336575
544.124 0.0336105
544.934 0.0335638
545.744 0.0335173
546.553 0.0334712
547.361 0.0334255
548.169 0.0333800
548.976 0.0333348
549.783 0.0332898
550.589 0.0332452
551.395 0.0332007
552.200 0.0331566
553.004 0.0331127
553.808 0.0330690
554.611 0.0330256
555.414 0.0329824
556.216 0.0329394
557.018 0.0328965
557.819 0.0328539
558.619 0.0328115
559.419 0.0327693
560.218 0.0327272
561.017 0.0326853
561.815 0.0326437
562.613 0.0326021
563.410 0.0325608
564.207 0.0325196
565.003 0.0324786
565.799 0.0324378
566.594 0.0323972
567.388 0.0323568
568.182 0.0323166
568.976 0.0322766
569.769 0.0322368
570.562 0.0321972
571.354 0.0321579
572.145 0.0321188
572.936 0.0320799
573.727 0.0320412
574.517 0.0320029
575.307 0.0319647
576.096 0.0319269
576.885 0.0318892
577.673 0.0318519
578.461 0.0318148
579.248 0.0317781
580.035 0.0317415
580.821 0.0317053
581.607 0.0316693
582.392 0.0316336
583.177 0.0315981
583.962 0.0315628
584.746 0.0315278
585.529 0.0314931
586.313 0.0314586
587.095 0.0314243
587.878 0.0313901
588.660 0.0313562
589.441 0.0313225
590.222 0.0312889
591.003 0.0312555
591.783 0.0312223
592.563 0.0311891
593.342 0.0311561
594.121 0.0311232
594.899 0.0310905
595.678 0.0310577
596.455 0.0310251
597.233 0.0309925
598.009 0.0309601
598.786 0.0309276
599.562 0.0308953
600.338 0.0308629
601.113 0.0308307
601.888 0.0307985
602.663 0.0307663
603.437 0.0307342
604.211 0.0307021
604.984 0.0306701
605.757 0.0306382
606.530 0.0306064
607.302 0.0305746
608.074 0.0305429
608.845 0.0305114
609.616 0.0304800
610.387 0.0304486
611.158 0.0304174
611.928 0.0303864
612.697 0.0303556
613.467 0.0303249
614.236 0.0302943
615.004 0.0302641
615.773 0.0302339
616.541 0.0302041
617.308 0.0301744
618.076 0.0301450
618.843 0.0301158
619.609 0.0300869
620.375 0.0300583
621.141 0.0300299
621.907 0.0300017
622.672 0.0299739
623.437 0.0299462
624.202 0.0299189
624.966 0.0298918
625.730 0.0298650
626.493 0.0298384
627.257 0.0298120
628.020 0.0297859
628.782 0.0297600
629.545 0.0297343
630.307 0.0297088
631.068 0.0296835
631.830 0.0296583
632.591 0.0296333
633.352 0.0296084
634.112 0.0295837
634.872 0.0295590
635.632 0.0295344
636.392 0.0295099
637.151 0.0294855
637.910 0.0294611
638.668 0.0294367
639.427 0.0294123
640.185 0.0293879
640.943 0.0293635
641.700 0.0293390
642.457 0.0293145
643.214 0.0292900
643.971 0.0292654
644.727 0.0292407
645.483 0.0292160
646.239 0.0291911
646.994 0.0291663
647.750 0.0291413
648.505 0.0291162
649.259 0.0290911
650.014 0.0290659
650.768 0.0290407
651.521 0.0290154
652.275 0.0289901
653.028 0.0289648
653.781 0.0289394
654.534 0.0289140
655.286 0.0288886
656.039 0.0288633
656.791 0.0288380
657.542 0.0288128
658.294 0.0287876
659.045 0.0287625
659.796 0.0287375
660.546 0.0287127
661.297 0.0286880
662.047 0.0286635
662.796 0.0286392
663.546 0.0286151
664.295 0.0285912
665.044 0.0285675
665.793 0.0285440
666.542 0.0285208
667.290 0.0284979
668.038 0.0284753
668.786 0.0284530
669.533 0.0284309
670.281 0.0284092
671.028 0.0283877
671.774 0.0283666
672.521 0.0283458
673.267 0.0283252
674.013 0.0283050
674.759 0.0282851
675.505 0.0282655
676.250 0.0282462
676.995 0.0282271
677.740 0.0282083
678.484 0.0281898
679.229 0.0281715
679.973 0.0281534
680.717 0.0281356
681.460 0.0281179
682.204 0.0281004
682.947 0.0280830
683.690 0.0280658
684.433 0.0280487
685.175 0.0280317
685.917 0.0280148
686.659 0.0279979
687.401 0.0279810
688.142 0.0279641
688.884 0.0279472
689.625 0.0279303
690.365 0.0279133
691.106 0.0278963
691.846 0.0278791
692.586 0.0278618
693.326 0.0278444
694.066 0.0278269
694.805 0.0278092
695.545 0.0277913
696.284 0.0277733
697.022 0.0277550
697.761 0.0277366
698.499 0.0277179
699.237 0.0276991
699.975 0.0276800
700.713 0.0276607
701.450 0.0276413
702.187 0.0276216
702.924 0.0276017
703.661 0.0275816
704.397 0.0275613
705.133 0.0275409
705.869 0.0275202
706.605 0.0274994
707.341 0.0274785
708.076 0.0274575
708.811 0.0274364
709.546 0.0274151
710.281 0.0273938
711.015 0.0273725
711.749 0.0273511
712.483 0.0273297
713.217 0.0273084
713.950 0.0272871
714.684 0.0272658
715.417 0.0272446
716.150 0.0272235
716.882 0.0272026
717.615 0.0271818
718.347 0.0271613
719.079 0.0271409
719.811 0.0271207
720.542 0.0271008
721.273 0.0270811
722.005 0.0270617
722.735 0.0270426
723.466 0.0270238
724.196 0.0270054
724.927 0.0269872
725.656 0.0269695
726.386 0.0269521
727.116 0.0269351
727.845 0.0269185
728.574 0.0269022
729.303 0.0268863
730.031 0.0268709
730.760 0.0268558
731.488 0.0268411
732.216 0.0268268
732.944 0.0268129
733.671 0.0267994
734.398 0.0267862
735.125 0.0267734
735.852 0.0267609
736.579 0.0267487
737.305 0.0267369
738.031 0.0267254
738.757 0.0267141
739.483 0.0267031
740.208 0.0266924
740.933 0.0266819
741.658 0.0266716
742.383 0.0266614
743.108 0.0266514
743.832 0.0266416
744.556 0.0266318
745.280 0.0266221
746.004 0.0266125
746.727 0.0266029
747.450 0.0265933
748.173 0.0265837
748.896 0.0265740
749.618 0.0265643
750.340 0.0265544
751.062 0.0265445
751.784 0.0265344
752.506 0.0265241
753.227 0.0265136
753.948 0.0265030
754.669 0.0264921
755.389 0.0264809
756.110 0.0264695
756.830 0.0264578
757.550 0.0264459
758.269 0.0264336
758.989 0.0264210
759.708 0.0264080
760.427 0.0263948
761.146 0.0263812
761.864 0.0263672
762.582 0.0263529
763.300 0.0263383
764.018 0.0263233
764.736 0.0263079
765.453 0.0262922
766.170 0.0262762
766.887 0.0262598
767.603 0.0262432
768.320 0.0262262
769.036 0.0262089
769.751 0.0261913
770.467 0.0261734
771.182 0.0261553
771.897 0.0261370
772.612 0.0261184
773.327 0.0260996
774.041 0.0260807
774.755 0.0260616
775.469 0.0260423
776.183 0.0260230
776.896 0.0260035
777.609 0.0259840
778.322 0.0259645
779.035 0.0259449
779.747 0.0259254
780.459 0.0259059
781.171 0.0258864
781.882 0.0258671
782.594 0.0258479
783.305 0.0258288
784.016 0.0258099
784.726 0.0257912
785.436 0.0257727
786.147 0.0257544
786.856 0.0257364
787.566 0.0257187
788.275 0.0257013
788.984 0.0256842
789.693 0.0256675
790.401 0.0256512
791.110 0.0256352
791.818 0.0256196
792.525 0.0256045
793.233 0.0255898
793.940 0.0255755
794.647 0.0255617
795.353 0.0255484
796.060 0.0255355
796.766 0.0255231
797.472 0.0255111
798.177 0.0254997
798.883 0.0254887
799.588 0.0254782
800.292 0.0254683
800.997 0.0254587
801.701 0.0254497
802.405 0.0254412
803.109 0.0254331
803.812 0.0254254
804.515 0.0254182
805.218 0.0254114
805.921 0.0254051
806.623 0.0253991
807.325 0.0253936
808.027 0.0253884
808.728 0.0253835
809.429 0.0253790
810.130 0.0253748
810.831 0.0253709
811.531 0.0253673
812.231 0.0253639
812.931 0.0253607
813.630 0.0253577
814.330 0.0253550
815.029 0.0253523
815.727 0.0253498
816.426 0.0253474
817.124 0.0253450
817.821 0.0253427
818.519 0.0253404
819.216 0.0253382
819.913 0.0253358
820.609 0.0253335
821.306 0.0253310
822.002 0.0253284
822.697 0.0253257
823.393 0.0253229
824.088 0.0253198
824.783 0.0253166
825.477 0.0253131
826.171 0.0253093
826.865 0.0253053
827.559 0.0253010
828.252 0.0252964
828.945 0.0252915
829.638 0.0252862
830.330 0.0252805
831.023 0.0252745
831.714 0.0252681
832.406 0.0252612
833.097 0.0252540
833.788 0.0252463
834.479 0.0252382
835.169 0.0252296
835.859 0.0252206
836.548 0.0252112
837.238 0.0252012
837.927 0.0251909
838.615 0.0251800
839.304 0.0251687
839.992 0.0251570
840.680 0.0251447
841.367 0.0251321
842.054 0.0251189
842.741 0.0251054
843.428 0.0250914
844.114 0.0250770
844.800 0.0250621
845.485 0.0250469
846.170 0.0250313
846.855 0.0250153
847.540 0.0249990
848.224 0.0249823
848.908 0.0249652
849.592 0.0249479
850.275 0.0249303
850.958 0.0249124
851.641 0.0248943
852.323 0.0248759
853.005 0.0248573
853.687 0.0248386
854.368 0.0248197
855.049 0.0248006
855.730 0.0247814
856.410 0.0247622
857.090 0.0247428
857.769 0.0247235
858.449 0.0247040
859.128 0.0246846
859.806 0.0246653
860.485 0.0246460
861.163 0.0246267
861.840 0.0246076
862.518 0.0245886
863.195 0.0245697
863.871 0.0245511
864.548 0.0245326
865.224 0.0245143
865.899 0.0244963
866.574 0.0244786
867.249 0.0244611
867.924 0.0244440
868.598 0.0244272
869.272 0.0244107
869.946 0.0243946
870.619 0.0243788
871.292 0.0243635
871.964 0.0243486
872.636 0.0243341
873.308 0.0243201
873.979 0.0243065
874.651 0.0242934
875.321 0.0242808
875.992 0.0242687
876.662 0.0242570
877.331 0.0242459
878.001 0.0242353
878.670 0.0242253
879.338 0.0242157
880.007 0.0242067
880.675 0.0241982
881.342 0.0241903
882.009 0.0241829
882.676 0.0241761
883.343 0.0241697
884.009 0.0241640
884.675 0.0241587
885.340 0.0241540
886.005 0.0241498
886.670 0.0241461
887.334 0.0241429
887.998 0.0241402
888.662 0.0241380
889.325 0.0241363
889.988 0.0241351
890.650 0.0241343
891.312 0.0241339
891.974 0.0241340
892.636 0.0241345
893.297 0.0241354
893.957 0.0241367
894.618 0.0241383
895.278 0.0241403
895.937 0.0241426
896.596 0.0241452
897.255 0.0241482
897.914 0.0241514
898.572 0.0241548
899.230 0.0241585
899.887 0.0241624
900.544 0.0241665
901.201 0.0241707
901.857 0.0241751
902.513 0.0241797
903.168 0.0241843
903.823 0.0241890
904.478 0.0241938
905.132 0.0241986
905.786 0.0242035
906.440 0.0242083
907.093 0.0242131
907.746 0.0242178
908.399 0.0242225
909.051 0.0242271
909.703 0.0242316
910.354 0.0242359
911.005 0.0242401
911.656 0.0242441
912.306 0.0242480
912.956 0.0242516
913.605 0.0242549
914.254 0.0242580
914.903 0.0242609
915.551 0.0242635
916.199 0.0242657
916.847 0.0242677
917.494 0.0242693
918.141 0.0242705
918.788 0.0242714
919.434 0.0242719
920.079 0.0242720
920.725 0.0242717
921.370 0.0242710
922.014 0.0242699
922.658 0.0242683
923.302 0.0242663
923.946 0.0242638
924.589 0.0242609
925.231 0.0242575
925.873 0.0242536
926.515 0.0242492
927.157 0.0242444
927.798 0.0242390
928.439 0.0242332
929.079 0.0242269
929.719 0.0242201
930.359 0.0242127
930.998 0.0242049
931.637 0.0241966
932.275 0.0241878
932.913 0.0241785
933.551 0.0241687
934.188 0.0241584
934.825 0.0241477
935.462 0.0241365
936.098 0.0241248
936.733 0.0241127
937.369 0.0241000
938.004 0.0240870
938.638 0.0240735
939.273 0.0240596
939.907 0.0240453
940.540 0.0240306
941.173 0.0240155
941.806 0.0240000
942.438 0.0239841
943.070 0.0239679
943.702 0.0239513
944.333 0.0239344
944.964 0.0239172
945.594 0.0238997
946.224 0.0238820
946.854 0.0238639
947.483 0.0238456
948.112 0.0238271
948.741 0.0238083
949.369 0.0237894
949.996 0.0237703
950.624 0.0237509
951.251 0.0237315
951.878 0.0237119
952.504 0.0236922
953.130 0.0236724
953.755 0.0236526
954.380 0.0236327
955.005 0.0236127
955.629 0.0235927
956.253 0.0235727
956.877 0.0235528
957.500 0.0235328
958.123 0.0235129
958.746 0.0234931
959.368 0.0234734
959.990 0.0234538
960.611 0.0234360
961.232 0.0234184
961.853 0.0234010
962.473 0.0233837
963.093 0.0233666
963.712 0.0233497
964.331 0.0233330
964.950 0.0233166
965.569 0.0233004
966.187 0.0232844
966.804 0.0232688
967.422 0.0232534
968.039 0.0232383
968.655 0.0232235
969.272 0.0232091
969.887 0.0231950
970.503 0.0231813
971.118 0.0231679
971.733 0.0231549
972.347 0.0231423
972.961 0.0231301
973.575 0.0231183
974.188 0.0231069
974.801 0.0230960
975.414 0.0230855
976.026 0.0230754
976.638 0.0230658
977.250 0.0230566
977.861 0.0230480
978.472 0.0230397
979.083 0.0230320
979.693 0.0230247
980.303 0.0230179
980.912 0.0230116
981.521 0.0230058
982.130 0.0230005
982.738 0.0229957
983.346 0.0229914
983.954 0.0229876
984.562 0.0229842
985.169 0.0229814
985.775 0.0229791
986.382 0.0229772
986.988 0.0229759
987.594 0.0229750
988.199 0.0229746
988.804 0.0229747
989.409 0.0229753
990.013 0.0229764
990.617 0.0229779
991.221 0.0229799
991.824 0.0229824
992.427 0.0229853
993.030 0.0229886
993.632 0.0229924
994.234 0.0229966
994.836 0.0230013
995.438 0.0230063
996.039 0.0230118
996.640 0.0230177
997.240 0.0230239
997.840 0.0230305
998.440 0.0230375
999.040 0.0230449
999.639 0.0230525
1000.238 0.0230600
1000.836 0.0230669
1001.435 0.0230741
1002.033 0.0230816
1002.630 0.0230893
1003.228 0.0230974
1003.825 0.0231057
1004.422 0.0231143
1005.018 0.0231231
1005.614 0.0231322
1006.210 0.0231414
1006.806 0.0231509
1007.401 0.0231605
1007.996 0.0231703
1008.591 0.0231802
1009.186 0.0231903
1009.780 0.0232005
1010.374 0.0232109
1010.967 0.0232213
1011.561 0.0232318
1012.154 0.0232424
1012.746 0.0232530
1013.339 0.0232636
1013.931 0.0232743
1014.523 0.0232850
1015.115 0.0232957
1015.706 0.0233063
1016.298 0.0233170
1016.888 0.0233275
1017.479 0.0233381
1018.069 0.0233485
1018.660 0.0233589
1019.250 0.0233691
1019.839 0.0233792
1020.429 0.0233892
1021.018 0.0233991
1021.607 0.0234087
1022.195 0.0234182
1022.784 0.0234276
1023.372 0.0234367
1023.960 0.0234456
1024.547 0.0234543
1025.135 0.0234628
1025.722 0.0234710
1026.309 0.0234790
1026.896 0.0234867
1027.483 0.0234941
1028.069 0.0235012
1028.655 0.0235080
1029.241 0.0235145
1029.827 0.0235207
1030.412 0.0235266
1030.997 0.0235321
1031.582 0.0235373
1032.167 0.0235421
1032.752 0.0235466
1033.336 0.0235506
1033.921 0.0235544
1034.505 0.0235577
1035.089 0.0235606
1035.672 0.0235631
1036.256 0.0235653
1036.839 0.0235670
1037.422 0.0235683
1038.005 0.0235691
1038.588 0.0235696
1039.171 0.0235696
1039.753 0.0235692
1040.335 0.0235683
1040.918 0.0235670
1041.500 0.0235653
1042.081 0.0235631
1042.663 0.0235604
1043.244 0.0235573
1043.826 0.0235538
1044.407 0.0235498
1044.988 0.0235453
1045.569 0.0235404
1046.150 0.0235351
1046.730 0.0235293
1047.311 0.0235230
1047.891 0.0235163
1048.471 0.0235091
1049.052 0.0235015
1049.632 0.0234934
1050.211 0.0234849
1050.791 0.0234759
1051.371 0.0234665
1051.950 0.0234567
1052.530 0.0234464
1053.109 0.0234358
1053.688 0.0234247
1054.268 0.0234131
1054.847 0.0234012
1055.426 0.0233888
1056.005 0.0233761
1056.583 0.0233629
1057.162 0.0233494
1057.741 0.0233355
1058.319 0.0233212
1058.898 0.0233065
1059.476 0.0232915
1060.055 0.0232761
1060.633 0.0232604
1061.211 0.0232443
1061.790 0.0232279
1062.368 0.0232112
1062.946 0.0231942
1063.524 0.0231768
1064.102 0.0231592
1064.680 0.0231413
1065.258 0.0231231
1065.836 0.0231047
1066.414 0.0230860
1066.992 0.0230670
1067.570 0.0230478
1068.148 0.0230284
1068.726 0.0230087
1069.304 0.0229889
1069.882 0.0229689
1070.460 0.0229487
1071.038 0.0229283
1071.616 0.0229077
1072.194 0.0228870
1072.772 0.0228662
1073.350 0.0228452
1073.928 0.0228242
1074.506 0.0228030
1075.084 0.0227817
1075.662 0.0227604
1076.240 0.0227390
1076.819 0.0227175
1077.397 0.0226960
1077.976 0.0226745
1078.554 0.0226529
1079.133 0.0226313
1079.711 0.0226098
1080.290 0.0225882
1080.869 0.0225667
1081.448 0.0225452
1082.027 0.0225238
1082.606 0.0225024
1083.185 0.0224812
1083.764 0.0224600
1084.343 0.0224389
1084.923 0.0224179
1085.502 0.0223970
1086.082 0.0223763
1086.662 0.0223557
1087.242 0.0223353
1087.822 0.0223150
1088.402 0.0222949
1088.983 0.0222750
1089.563 0.0222553
1090.144 0.0222358
1090.725 0.0222166
1091.306 0.0221975
1091.887 0.0221787
1092.469 0.0221602
1093.050 0.0221419
1093.632 0.0221239
1094.214 0.0221062
1094.796 0.0220888
1095.379 0.0220716
1095.961 0.0220548
1096.544 0.0220383
1097.127 0.0220222
1097.710 0.0220064
1098.294 0.0219909
1098.877 0.0219757
1099.461 0.0219610
1100.046 0.0219465
1100.630 0.0219325
1101.215 0.0219189
1101.800 0.0219056
1102.385 0.0218928
1102.970 0.0218803
1103.556 0.0218683
1104.142 0.0218567
1104.728 0.0218455
1105.315 0.0218347
1105.902 0.0218244
1106.489 0.0218145
1107.077 0.0218050
1107.664 0.0217960
1108.253 0.0217875
1108.841 0.0217794
1109.430 0.0217717
1110.019 0.0217646
1110.609 0.0217579
1111.198 0.0217516
1111.789 0.0217458
1112.379 0.0217406
1112.970 0.0217358
1113.561 0.0217314
1114.153 0.0217276
1114.745 0.0217242
1115.338 0.0217213
1115.931 0.0217189
1116.524 0.0217170
1117.117 0.0217155
1117.712 0.0217146
1118.306 0.0217141
1118.901 0.0217141
1119.496 0.0217146
1120.092 0.0217155
1120.689 0.0217170
1121.285 0.0217189
1121.882 0.0217213
1122.480 0.0217242
1123.078 0.0217275
1123.677 0.0217313
1124.276 0.0217356
1124.875 0.0217403
1125.476 0.0217454
1126.076 0.0217511
1126.677 0.0217571
1127.279 0.0217636
1127.881 0.0217706
1128.484 0.0217779
1129.087 0.0217857
1129.691 0.0217939
1130.295 0.0218026
1130.900 0.0218116
1131.505 0.0218210
1132.111 0.0218308
1132.718 0.0218411
1133.325 0.0218516
1133.933 0.0218626
1134.541 0.0218739
1135.150 0.0218856
1135.760 0.0218976
1136.370 0.0219099
1136.981 0.0219226
1137.592 0.0219356
1138.204 0.0219489
1138.817 0.0219625
1139.431 0.0219764
1140.045 0.0219906
1140.660 0.0220051
1141.275 0.0220198
1141.891 0.0220347
1142.508 0.0220499
1143.126 0.0220653
1143.744 0.0220810
1144.363 0.0220968
1144.983 0.0221129
