432.689 0.0460009
433.621 0.0458619
434.552 0.0457242
435.482 0.0455878
436.410 0.0454529
437.337 0.0453193
438.262 0.0451871
439.187 0.0450560
440.110 0.0449263
441.031 0.0447980
441.952 0.0446707
442.871 0.0445448
443.789 0.0444200
444.705 0.0442965
445.621 0.0441740
446.535 0.0440528
447.447 0.0439328
448.359 0.0438137
449.269 0.0436959
450.178 0.0435791
451.086 0.0434634
451.993 0.0433487
452.898 0.0432352
453.803 0.0431225
454.706 0.0430110
455.608 0.0429004
456.508 0.0427910
457.408 0.0426823
458.306 0.0425748
459.204 0.0424680
460.100 0.0423623
460.995 0.0422575
461.888 0.0421538
462.781 0.0420508
463.673 0.0419486
464.563 0.0418475
465.452 0.0417472
466.340 0.0416478
467.228 0.0415491
468.114 0.0414514
468.999 0.0413544
469.882 0.0412584
470.765 0.0411631
471.647 0.0410685
472.528 0.0409748
473.407 0.0408819
474.286 0.0407896
475.163 0.0406983
476.040 0.0406075
476.915 0.0405176
477.790 0.0404283
478.663 0.0403399
479.535 0.0402521
480.407 0.0401650
481.277 0.0400786
482.147 0.0399928
483.015 0.0399077
483.883 0.0398233
484.749 0.0397396
485.615 0.0396564
486.479 0.0395740
487.343 0.0394921
488.206 0.0394108
489.067 0.0393303
489.928 0.0392502
490.788 0.0391708
491.647 0.0390920
492.505 0.0390138
493.362 0.0389362
494.218 0.0388591
495.073 0.0387827
495.928 0.0387067
496.781 0.0386314
497.634 0.0385566
498.486 0.0384824
499.337 0.0384087
500.187 0.0383355
501.036 0.0382629
501.884 0.0381909
502.731 0.0381194
503.578 0.0380483
504.424 0.0379778
505.268 0.0379079
506.113 0.0378383
506.956 0.0377694
507.798 0.0377009
508.640 0.0376329
509.480 0.0375654
510.320 0.0374983
511.160 0.0374317
511.998 0.0373655
512.836 0.0372998
513.672 0.0372346
514.508 0.0371698
515.344 0.0371054
516.178 0.0370415
517.012 0.0369779
517.845 0.0369148
518.677 0.0368521
519.508 0.0367899
520.339 0.0367279
521.169 0.0366664
521.998 0.0366053
522.826 0.0365446
523.654 0.0364842
524.481 0.0364242
525.307 0.0363646
526.133 0.0363053
526.958 0.0362464
527.782 0.0361879
528.605 0.0361297
529.428 0.0360719
530.250 0.0360145
531.072 0.0359573
531.892 0.0359006
532.712 0.0358442
533.532 0.0357882
534.350 0.0357325
535.168 0.0356772
535.986 0.0356222
536.802 0.0355676
537.618 0.0355134
538.434 0.0354594
539.249 0.0354058
540.063 0.0353526
540.876 0.0352998
541.689 0.0352472
542.501 0.0351951
543.313 0.0351432
544.124 0.0350917
544.934 0.0350405
545.744 0.0349897
546.553 0.0349391
547.361 0.0348890
548.169 0.0348391
548.976 0.0347895
549.783 0.0347403
550.589 0.0346913
551.395 0.0346426
552.200 0.0345943
553.004 0.0345462
553.808 0.0344984
554.611 0.0344509
555.414 0.0344036
556.216 0.0343566
557.018 0.0343098
557.819 0.0342633
558.619 0.0342171
559.419 0.0341711
560.218 0.0341253
561.017 0.0340797
561.815 0.0340344
562.613 0.0339893
563.410 0.0339443
564.207 0.0338996
565.003 0.0338551
565.799 0.0338108
566.594 0.0337667
567.388 0.0337228
568.182 0.0336791
568.976 0.0336356
569.769 0.0335923
570.562 0.0335491
571.354 0.0335062
572.145 0.0334635
572.936 0.0334210
573.727 0.0333786
574.517 0.0333365
575.307 0.0332946
576.096 0.0332528
576.885 0.0332113
577.673 0.0331700
578.461 0.0331289
579.248 0.0330881
580.035 0.0330474
580.821 0.0330070
581.607 0.0329669
582.392 0.0329269
583.177 0.0328872
583.962 0.0328477
584.746 0.0328085
585.529 0.0327695
586.313 0.0327307
587.095 0.0326923
587.878 0.0326540
588.660 0.0326160
589.441 0.0325783
590.222 0.0325408
591.003 0.0325035
591.783 0.0324665
592.563 0.0324297
593.342 0.0323932
594.121 0.0323569
594.899 0.0323209
595.678 0.0322851
596.455 0.0322495
597.233 0.0322141
598.009 0.0321790
598.786 0.0321440
599.562 0.0321092
600.338 0.0320747
601.113 0.0320403
601.888 0.0320061
602.663 0.0319721
603.437 0.0319383
604.211 0.0319046
604.984 0.0318710
605.757 0.0318376
606.530 0.0318044
607.302 0.0317712
608.074 0.0317382
608.845 0.0317053
609.616 0.0316725
610.387 0.0316398
611.158 0.0316072
611.928 0.0315747
612.697 0.0315422
613.467 0.0315098
614.236 0.0314775
615.004 0.0314453
615.773 0.0314131
616.541 0.0313810
617.308 0.0313490
618.076 0.0313170
618.843 0.0312850
619.609 0.0312532
620.375 0.0312214
621.141 0.0311896
621.907 0.0311579
622.672 0.0311263
623.437 0.0310947
624.202 0.0310632
624.966 0.0310318
625.730 0.0310004
626.493 0.0309692
627.257 0.0309380
628.020 0.0309069
628.782 0.0308760
629.545 0.0308451
630.307 0.0308144
631.068 0.0307838
631.830 0.0307533
632.591 0.0307229
633.352 0.0306927
634.112 0.0306627
634.872 0.0306329
635.632 0.0306031
636.392 0.0305736
637.151 0.0305443
637.910 0.0305151
638.668 0.0304862
639.427 0.0304574
640.185 0.0304289
640.943 0.0304005
641.700 0.0303724
642.457 0.0303445
643.214 0.0303168
643.971 0.0302894
644.727 0.0302622
645.483 0.0302352
646.239 0.0302084
646.994 0.0301819
647.750 0.0301556
648.505 0.0301295
649.259 0.0301037
650.014 0.0300781
650.768 0.0300527
651.521 0.0300275
652.275 0.0300025
653.028 0.0299778
653.781 0.0299532
654.534 0.0299288
655.286 0.0299047
656.039 0.0298806
656.791 0.0298568
657.542 0.0298331
658.294 0.0298095
659.045 0.0297861
659.796 0.0297628
660.546 0.0297397
661.297 0.0297166
662.047 0.0296937
662.796 0.0296709
663.546 0.0296481
664.295 0.0296254
665.044 0.0296027
665.793 0.0295801
666.542 0.0295575
667.290 0.0295349
668.038 0.0295124
668.786 0.0294898
669.533 0.0294673
670.281 0.0294447
671.028 0.0294222
671.774 0.0293996
672.521 0.0293769
673.267 0.0293542
674.013 0.0293315
674.759 0.0293087
675.505 0.0292858
676.250 0.0292629
676.995 0.0292400
677.740 0.0292169
678.484 0.0291938
679.229 0.0291706
679.973 0.0291473
680.717 0.0291240
681.460 0.0291006
682.204 0.0290771
682.947 0.0290536
683.690 0.0290300
684.433 0.0290063
685.175 0.0289826
685.917 0.0289589
686.659 0.0289351
687.401 0.0289113
688.142 0.0288874
688.884 0.0288635
689.625 0.0288397
690.365 0.0288158
691.106 0.0287919
691.846 0.0287681
692.586 0.0287443
693.326 0.0287205
694.066 0.0286968
694.805 0.0286731
695.545 0.0286495
696.284 0.0286260
697.022 0.0286026
697.761 0.0285793
698.499 0.0285562
699.237 0.0285331
699.975 0.0285102
700.713 0.0284875
701.450 0.0284649
702.187 0.0284425
702.924 0.0284203
703.661 0.0283982
704.397 0.0283764
705.133 0.0283548
705.869 0.0283335
706.605 0.0283123
707.341 0.0282914
708.076 0.0282707
708.811 0.0282503
709.546 0.0282301
710.281 0.0282102
711.015 0.0281905
711.749 0.0281711
712.483 0.0281520
713.217 0.0281332
713.950 0.0281146
714.684 0.0280963
715.417 0.0280783
716.150 0.0280605
716.882 0.0280430
717.615 0.0280257
718.347 0.0280088
719.079 0.0279920
719.811 0.0279756
720.542 0.0279594
721.273 0.0279434
722.005 0.0279276
722.735 0.0279121
723.466 0.0278967
724.196 0.0278816
724.927 0.0278667
725.656 0.0278519
726.386 0.0278374
727.116 0.0278229
727.845 0.0278087
728.574 0.0277945
729.303 0.0277805
730.031 0.0277667
730.760 0.0277529
731.488 0.0277392
732.216 0.0277256
732.944 0.0277120
733.671 0.0276985
734.398 0.0276850
735.125 0.0276715
735.852 0.0276581
736.579 0.0276446
737.305 0.0276311
738.031 0.0276176
738.757 0.0276040
739.483 0.0275904
740.208 0.0275767
740.933 0.0275629
741.658 0.0275490
742.383 0.0275351
743.108 0.0275210
743.832 0.0275067
744.556 0.0274924
745.280 0.0274779
746.004 0.0274632
746.727 0.0274484
747.450 0.0274334
748.173 0.0274183
748.896 0.0274030
749.618 0.0273874
750.340 0.0273717
751.062 0.0273559
751.784 0.0273398
752.506 0.0273235
753.227 0.0273070
753.948 0.0272903
754.669 0.0272734
755.389 0.0272563
756.110 0.0272391
756.830 0.0272216
757.550 0.0272039
758.269 0.0271861
758.989 0.0271680
759.708 0.0271498
760.427 0.0271315
761.146 0.0271129
761.864 0.0270942
762.582 0.0270754
763.300 0.0270564
764.018 0.0270373
764.736 0.0270180
765.453 0.0269987
766.170 0.0269792
766.887 0.0269597
767.603 0.0269400
768.320 0.0269203
769.036 0.0269006
769.751 0.0268808
770.467 0.0268610
771.182 0.0268412
771.897 0.0268213
772.612 0.0268015
773.327 0.0267817
774.041 0.0267619
774.755 0.0267422
775.469 0.0267226
776.183 0.0267030
776.896 0.0266835
777.609 0.0266642
778.322 0.0266449
779.035 0.0266258
779.747 0.0266068
780.459 0.0265880
781.171 0.0265694
781.882 0.0265510
782.594 0.0265327
783.305 0.0265147
784.016 0.0264969
784.726 0.0264793
785.436 0.0264619
786.147 0.0264448
786.856 0.0264280
787.566 0.0264115
788.275 0.0263952
788.984 0.0263792
789.693 0.0263635
790.401 0.0263481
791.110 0.0263330
791.818 0.0263183
792.525 0.0263038
793.233 0.0262897
793.940 0.0262759
794.647 0.0262624
795.353 0.0262493
796.060 0.0262365
796.766 0.0262241
797.472 0.0262119
798.177 0.0262002
798.883 0.0261887
799.588 0.0261776
800.292 0.0261668
800.997 0.0261563
801.701 0.0261462
802.405 0.0261364
803.109 0.0261269
803.812 0.0261177
804.515 0.0261088
805.218 0.0261002
805.921 0.0260919
806.623 0.0260839
807.325 0.0260761
808.027 0.0260686
808.728 0.0260614
809.429 0.0260544
810.130 0.0260476
810.831 0.0260411
811.531 0.0260348
812.231 0.0260287
812.931 0.0260227
813.630 0.0260170
814.330 0.0260114
815.029 0.0260060
815.727 0.0260007
816.426 0.0259955
817.124 0.0259904
817.821 0.0259855
818.519 0.0259806
819.216 0.0259758
819.913 0.0259710
820.609 0.0259663
821.306 0.0259616
822.002 0.0259569
822.697 0.0259523
823.393 0.0259476
824.088 0.0259428
824.783 0.0259381
825.477 0.0259333
826.171 0.0259284
826.865 0.0259234
827.559 0.0259184
828.252 0.0259132
828.945 0.0259079
829.638 0.0259025
830.330 0.0258969
831.023 0.0258912
831.714 0.0258853
832.406 0.0258792
833.097 0.0258729
833.788 0.0258664
834.479 0.0258598
835.169 0.0258529
835.859 0.0258458
836.548 0.0258384
837.238 0.0258308
837.927 0.0258229
838.615 0.0258148
839.304 0.0258064
839.992 0.0257978
840.680 0.0257889
841.367 0.0257797
842.054 0.0257702
842.741 0.0257604
843.428 0.0257504
844.114 0.0257400
844.800 0.0257293
845.485 0.0257184
846.170 0.0257072
846.855 0.0256956
847.540 0.0256838
848.224 0.0256716
848.908 0.0256592
849.592 0.0256465
850.275 0.0256335
850.958 0.0256202
851.641 0.0256066
852.323 0.0255927
853.005 0.0255785
853.687 0.0255641
854.368 0.0255494
855.049 0.0255345
855.730 0.0255193
856.410 0.0255039
857.090 0.0254882
857.769 0.0254723
858.449 0.0254562
859.128 0.0254398
859.806 0.0254233
860.485 0.0254065
861.163 0.0253896
861.840 0.0253725
862.518 0.0253553
863.195 0.0253378
863.871 0.0253203
864.548 0.0253026
865.224 0.0252848
865.899 0.0252668
866.574 0.0252488
867.249 0.0252307
867.924 0.0252125
868.598 0.0251943
869.272 0.0251760
869.946 0.0251576
870.619 0.0251393
871.292 0.0251209
871.964 0.0251026
872.636 0.0250842
873.308 0.0250659
873.979 0.0250476
874.651 0.0250294
875.321 0.0250112
875.992 0.0249931
876.662 0.0249752
877.331 0.0249573
878.001 0.0249395
878.670 0.0249218
879.338 0.0249043
880.007 0.0248870
880.675 0.0248698
881.342 0.0248527
882.009 0.0248359
882.676 0.0248193
883.343 0.0248028
884.009 0.0247866
884.675 0.0247706
885.340 0.0247548
886.005 0.0247393
886.670 0.0247241
887.334 0.0247091
887.998 0.0246944
888.662 0.0246799
889.325 0.0246658
889.988 0.0246519
890.650 0.0246384
891.312 0.0246252
891.974 0.0246122
892.636 0.0245996
893.297 0.0245874
893.957 0.0245755
894.618 0.0245639
895.278 0.0245526
895.937 0.0245417
896.596 0.0245312
897.255 0.0245210
897.914 0.0245111
898.572 0.0245017
899.230 0.0244926
899.887 0.0244838
900.544 0.0244754
901.201 0.0244674
901.857 0.0244597
902.513 0.0244525
903.168 0.0244455
903.823 0.0244390
904.478 0.0244328
905.132 0.0244269
905.786 0.0244215
906.440 0.0244163
907.093 0.0244116
907.746 0.0244071
908.399 0.0244031
909.051 0.0243993
909.703 0.0243959
910.354 0.0243929
911.005 0.0243901
911.656 0.0243877
912.306 0.0243856
912.956 0.0243838
913.605 0.0243823
914.254 0.0243811
914.903 0.0243802
915.551 0.0243796
916.199 0.0243793
916.847 0.0243792
917.494 0.0243794
918.141 0.0243798
918.788 0.0243805
919.434 0.0243814
920.079 0.0243825
920.725 0.0243838
921.370 0.0243854
922.014 0.0243871
922.658 0.0243890
923.302 0.0243912
923.946 0.0243934
924.589 0.0243959
925.231 0.0243984
925.873 0.0244011
926.515 0.0244040
927.157 0.0244069
927.798 0.0244100
928.439 0.0244131
929.079 0.0244163
929.719 0.0244196
930.359 0.0244230
930.998 0.0244264
931.637 0.0244299
932.275 0.0244333
932.913 0.0244368
933.551 0.0244403
934.188 0.0244438
934.825 0.0244473
935.462 0.0244508
936.098 0.0244542
936.733 0.0244576
937.369 0.0244609
938.004 0.0244641
938.638 0.0244673
939.273 0.0244704
939.907 0.0244734
940.540 0.0244763
941.173 0.0244790
941.806 0.0244817
942.438 0.0244842
943.070 0.0244866
943.702 0.0244888
944.333 0.0244908
944.964 0.0244927
945.594 0.0244944
946.224 0.0244960
946.854 0.0244973
947.483 0.0244984
948.112 0.0244993
948.741 0.0245000
949.369 0.0245005
949.996 0.0245007
950.624 0.0245008
951.251 0.0245005
951.878 0.0245000
952.504 0.0244993
953.130 0.0244983
953.755 0.0244970
954.380 0.0244955
955.005 0.0244937
955.629 0.0244916
956.253 0.0244892
956.877 0.0244866
957.500 0.0244836
958.123 0.0244804
958.746 0.0244768
959.368 0.0244730
959.990 0.0244688
960.611 0.0244663
961.232 0.0244635
961.853 0.0244604
962.473 0.0244569
963.093 0.0244532
963.712 0.0244491
964.331 0.0244447
964.950 0.0244400
965.569 0.0244349
966.187 0.0244296
966.804 0.0244239
967.422 0.0244179
968.039 0.0244116
968.655 0.0244050
969.272 0.0243981
969.887 0.0243909
970.503 0.0243833
971.118 0.0243754
971.733 0.0243673
972.347 0.0243588
972.961 0.0243501
973.575 0.0243410
974.188 0.0243316
974.801 0.0243220
975.414 0.0243121
976.026 0.0243019
976.638 0.0242914
977.250 0.0242806
977.861 0.0242696
978.472 0.0242583
979.083 0.0242467
979.693 0.0242349
980.303 0.0242229
980.912 0.0242106
981.521 0.0241981
982.130 0.0241853
982.738 0.0241723
983.346 0.0241591
983.954 0.0241457
984.562 0.0241320
985.169 0.0241182
985.775 0.0241042
986.382 0.0240900
986.988 0.0240756
987.594 0.0240611
988.199 0.0240464
988.804 0.0240315
989.409 0.0240164
990.013 0.0240013
990.617 0.0239860
991.221 0.0239705
991.824 0.0239550
992.427 0.0239393
993.030 0.0239236
993.632 0.0239077
994.234 0.0238917
994.836 0.0238757
995.438 0.0238596
996.039 0.0238434
996.640 0.0238272
997.240 0.0238109
997.840 0.0237946
998.440 0.0237782
999.040 0.0237618
999.639 0.0237454
1000.238 0.0237283
1000.836 0.0237102
1001.435 0.0236921
1002.033 0.0236740
1002.630 0.0236559
1003.228 0.0236379
1003.825 0.0236199
1004.422 0.0236019
1005.018 0.0235841
1005.614 0.0235662
1006.210 0.0235485
1006.806 0.0235308
1007.401 0.0235133
1007.996 0.0234958
1008.591 0.0234785
1009.186 0.0234612
1009.780 0.0234441
1010.374 0.0234271
1010.967 0.0234102
1011.561 0.0233935
1012.154 0.0233769
1012.746 0.0233605
1013.339 0.0233443
1013.931 0.0233282
1014.523 0.0233123
1015.115 0.0232965
1015.706 0.0232810
1016.298 0.0232657
1016.888 0.0232505
1017.479 0.0232356
1018.069 0.0232209
1018.660 0.0232063
1019.250 0.0231921
1019.839 0.0231780
1020.429 0.0231642
1021.018 0.0231506
1021.607 0.0231373
1022.195 0.0231242
1022.784 0.0231113
1023.372 0.0230987
1023.960 0.0230864
1024.547 0.0230744
1025.135 0.0230626
1025.722 0.0230510
1026.309 0.0230398
1026.896 0.0230288
1027.483 0.0230181
1028.069 0.0230078
1028.655 0.0229977
1029.241 0.0229878
1029.827 0.0229783
1030.412 0.0229691
1030.997 0.0229602
1031.582 0.0229516
1032.167 0.0229433
1032.752 0.0229352
1033.336 0.0229276
1033.921 0.0229202
1034.505 0.0229131
1035.089 0.0229063
1035.672 0.0228998
1036.256 0.0228937
1036.839 0.0228879
1037.422 0.0228823
1038.005 0.0228771
1038.588 0.0228723
1039.171 0.0228677
1039.753 0.0228634
1040.335 0.0228595
1040.918 0.0228558
1041.500 0.0228525
1042.081 0.0228495
1042.663 0.0228468
1043.244 0.0228444
1043.826 0.0228424
1044.407 0.0228406
1044.988 0.0228391
1045.569 0.0228380
1046.150 0.0228371
1046.730 0.0228366
1047.311 0.0228363
1047.891 0.0228364
1048.471 0.0228367
1049.052 0.0228374
1049.632 0.0228383
1050.211 0.0228395
1050.791 0.0228410
1051.371 0.0228427
1051.950 0.0228448
1052.530 0.0228471
1053.109 0.0228497
1053.688 0.0228526
1054.268 0.0228557
1054.847 0.0228591
1055.426 0.0228627
1056.005 0.0228666
1056.583 0.0228707
1057.162 0.0228751
1057.741 0.0228797
1058.319 0.0228846
1058.898 0.0228896
1059.476 0.0228949
1060.055 0.0229005
1060.633 0.0229062
1061.211 0.0229122
1061.790 0.0229183
1062.368 0.0229247
1062.946 0.0229313
1063.524 0.0229380
1064.102 0.0229449
1064.680 0.0229520
1065.258 0.0229593
1065.836 0.0229668
1066.414 0.0229744
1066.992 0.0229822
1067.570 0.0229901
1068.148 0.0229982
1068.726 0.0230064
1069.304 0.0230148
1069.882 0.0230232
1070.460 0.0230318
1071.038 0.0230405
1071.616 0.0230494
1072.194 0.0230583
1072.772 0.0230673
1073.350 0.0230765
1073.928 0.0230857
1074.506 0.0230950
1075.084 0.0231043
1075.662 0.0231137
1076.240 0.0231232
1076.819 0.0231328
1077.397 0.0231424
1077.976 0.0231520
1078.554 0.0231617
1079.133 0.0231714
1079.711 0.0231811
1080.290 0.0231908
1080.869 0.0232006
1081.448 0.0232103
1082.027 0.0232201
1082.606 0.0232298
1083.185 0.0232396
1083.764 0.0232493
1084.343 0.0232589
1084.923 0.0232686
1085.502 0.0232782
1086.082 0.0232877
1086.662 0.0232972
1087.242 0.0233067
1087.822 0.0233161
1088.402 0.0233254
1088.983 0.0233346
1089.563 0.0233438
1090.144 0.0233528
1090.725 0.0233618
1091.306 0.0233706
1091.887 0.0233794
1092.469 0.0233880
1093.050 0.0233965
1093.632 0.0234049
1094.214 0.0234132
1094.796 0.0234213
1095.379 0.0234293
1095.961 0.0234372
1096.544 0.0234449
1097.127 0.0234524
1097.710 0.0234597
1098.294 0.0234669
1098.877 0.0234740
1099.461 0.0234808
1100.046 0.0234875
1100.630 0.0234939
1101.215 0.0235002
1101.800 0.0235063
1102.385 0.0235121
1102.970 0.0235178
1103.556 0.0235232
1104.142 0.0235285
1104.728 0.0235335
1105.315 0.0235383
1105.902 0.0235428
1106.489 0.0235471
1107.077 0.0235512
1107.664 0.0235550
1108.253 0.0235586
1108.841 0.0235619
1109.430 0.0235650
1110.019 0.0235678
1110.609 0.0235703
1111.198 0.0235726
1111.789 0.0235746
1112.379 0.0235764
1112.970 0.0235778
1113.561 0.0235790
1114.153 0.0235799
1114.745 0.0235805
1115.338 0.0235808
1115.931 0.0235809
1116.524 0.0235806
1117.117 0.0235800
1117.712 0.0235792
1118.306 0.0235780
1118.901 0.0235766
1119.496 0.0235748
1120.092 0.0235727
1120.689 0.0235704
1121.285 0.0235677
1121.882 0.0235647
1122.480 0.0235614
1123.078 0.0235577
1123.677 0.0235538
1124.276 0.0235495
1124.875 0.0235450
1125.476 0.0235401
1126.076 0.0235348
1126.677 0.0235293
1127.279 0.0235234
1127.881 0.0235173
1128.484 0.0235108
1129.087 0.0235039
1129.691 0.0234968
1130.295 0.0234893
1130.900 0.0234815
1131.505 0.0234734
1132.111 0.0234650
1132.718 0.0234562
1133.325 0.0234472
1133.933 0.0234378
1134.541 0.0234281
1135.150 0.0234180
1135.760 0.0234077
1136.370 0.0233970
1136.981 0.0233861
1137.592 0.0233748
1138.204 0.0233632
1138.817 0.0233513
1139.431 0.0233391
1140.045 0.0233266
1140.660 0.0233138
1141.275 0.0233007
1141.891 0.0232873
1142.508 0.0232735
1143.126 0.0232595
1143.744 0.0232453
1144.363 0.0232307
1144.983 0.0232158
