432.689 0.0414000
433.621 0.0412814
434.552 0.0411641
435.482 0.0410479
436.410 0.0409330
437.337 0.0408192
438.262 0.0407067
439.187 0.0405951
440.110 0.0404848
441.031 0.0403757
441.952 0.0402675
442.871 0.0401605
443.789 0.0400545
444.705 0.0399496
445.621 0.0398456
446.535 0.0397427
447.447 0.0396409
448.359 0.0395399
449.269 0.0394400
450.178 0.0393410
451.086 0.0392430
451.993 0.0391458
452.898 0.0390497
453.803 0.0389543
454.706 0.0388599
455.608 0.0387663
456.508 0.0386737
457.408 0.0385819
458.306 0.0384910
459.204 0.0384007
460.100 0.0383114
460.995 0.0382229
461.888 0.0381353
462.781 0.0380483
463.673 0.0379622
464.563 0.0378768
465.452 0.0377923
466.340 0.0377084
467.228 0.0376252
468.114 0.0375428
468.999 0.0374611
469.882 0.0373802
470.765 0.0372999
471.647 0.0372203
472.528 0.0371413
473.407 0.0370631
474.286 0.0369855
475.163 0.0369086
476.040 0.0368322
476.915 0.0367566
477.790 0.0366815
478.663 0.0366071
479.535 0.0365333
480.407 0.0364600
481.277 0.0363874
482.147 0.0363153
483.015 0.0362438
483.883 0.0361728
484.749 0.0361025
485.615 0.0360327
486.479 0.0359635
487.343 0.0358948
488.206 0.0358266
489.067 0.0357590
489.928 0.0356919
490.788 0.0356254
491.647 0.0355593
492.505 0.0354938
493.362 0.0354288
494.218 0.0353643
495.073 0.0353003
495.928 0.0352368
496.781 0.0351738
497.634 0.0351112
498.486 0.0350491
499.337 0.0349875
500.187 0.0349264
501.036 0.0348657
501.884 0.0348055
502.731 0.0347458
503.578 0.0346864
504.424 0.0346275
505.268 0.0345691
506.113 0.0345109
506.956 0.0344533
507.798 0.0343961
508.640 0.0343392
509.480 0.0342828
510.320 0.0342267
511.160 0.0341710
511.998 0.0341157
512.836 0.0340607
513.672 0.0340062
514.508 0.0339520
515.344 0.0338981
516.178 0.0338446
517.012 0.0337914
517.845 0.0337386
518.677 0.0336862
519.508 0.0336341
520.339 0.0335823
521.169 0.0335309
521.998 0.0334798
522.826 0.0334291
523.654 0.0333787
524.481 0.0333287
525.307 0.0332790
526.133 0.0332296
526.958 0.0331805
527.782 0.0331318
528.605 0.0330835
529.428 0.0330354
530.250 0.0329877
531.072 0.0329403
531.892 0.0328933
532.712 0.0328465
533.532 0.0328001
534.350 0.0327540
535.168 0.0327082
535.986 0.0326627
536.802 0.0326176
537.618 0.0325727
538.434 0.0325281
539.249 0.0324838
540.063 0.0324398
540.876 0.0323961
541.689 0.0323527
542.501 0.0323095
543.313 0.0322666
544.124 0.0322239
544.934 0.0321815
545.744 0.0321393
546.553 0.0320974
547.361 0.0320557
548.169 0.0320142
548.976 0.0319729
549.783 0.0319319
550.589 0.0318910
551.395 0.0318504
552.200 0.0318099
553.004 0.0317697
553.808 0.0317297
554.611 0.0316899
555.414 0.0316502
556.216 0.0316108
557.018 0.0315715
557.819 0.0315324
558.619 0.0314936
559.419 0.0314549
560.218 0.0314165
561.017 0.0313782
561.815 0.0313402
562.613 0.0313023
563.410 0.0312647
564.207 0.0312272
565.003 0.0311900
565.799 0.0311530
566.594 0.0311162
567.388 0.0310797
568.182 0.0310433
568.976 0.0310072
569.769 0.0309713
570.562 0.0309357
571.354 0.0309003
572.145 0.0308651
572.936 0.0308302
573.727 0.0307955
574.517 0.0307611
575.307 0.0307268
576.096 0.0306928
576.885 0.0306591
577.673 0.0306256
578.461 0.0305922
579.248 0.0305592
580.035 0.0305263
580.821 0.0304937
581.607 0.0304612
582.392 0.0304290
583.177 0.0303970
583.962 0.0303651
584.746 0.0303334
585.529 0.0303020
586.313 0.0302706
587.095 0.0302395
587.878 0.0302084
588.660 0.0301776
589.441 0.0301468
590.222 0.0301162
591.003 0.0300857
591.783 0.0300554
592.563 0.0300251
593.342 0.0299949
594.121 0.0299648
594.899 0.0299349
595.678 0.0299050
596.455 0.0298752
597.233 0.0298454
598.009 0.0298158
598.786 0.0297861
599.562 0.0297566
600.338 0.0297272
601.113 0.0296978
601.888 0.0296685
602.663 0.0296392
603.437 0.0296100
604.211 0.0295809
604.984 0.0295519
605.757 0.0295230
606.530 0.0294941
607.302 0.0294654
608.074 0.0294367
608.845 0.0294082
609.616 0.0293798
610.387 0.0293514
611.158 0.0293232
611.928 0.0292952
612.697 0.0292673
613.467 0.0292395
614.236 0.0292118
615.004 0.0291844
615.773 0.0291571
616.541 0.0291300
617.308 0.0291030
618.076 0.0290763
618.843 0.0290497
619.609 0.0290234
620.375 0.0289972
621.141 0.0289712
621.907 0.0289455
622.672 0.0289200
623.437 0.0288946
624.202 0.0288695
624.966 0.0288446
625.730 0.0288200
626.493 0.0287955
627.257 0.0287712
628.020 0.0287472
628.782 0.0287234
629.545 0.0286997
630.307 0.0286763
631.068 0.0286530
631.830 0.0286299
632.591 0.0286070
633.352 0.0285843
634.112 0.0285617
634.872 0.0285393
635.632 0.0285170
636.392 0.0284948
637.151 0.0284728
637.910 0.0284508
638.668 0.0284290
639.427 0.0284072
640.185 0.0283856
640.943 0.0283640
641.700 0.0283424
642.457 0.0283209
643.214 0.0282994
643.971 0.0282780
644.727 0.0282565
645.483 0.0282351
646.239 0.0282137
646.994 0.0281922
647.750 0.0281708
648.505 0.0281493
649.259 0.0281278
650.014 0.0281062
650.768 0.0280846
651.521 0.0280630
652.275 0.0280413
653.028 0.0280196
653.781 0.0279978
654.534 0.0279760
655.286 0.0279541
656.039 0.0279322
656.791 0.0279102
657.542 0.0278882
658.294 0.0278662
659.045 0.0278441
659.796 0.0278220
660.546 0.0277999
661.297 0.0277777
662.047 0.0277556
662.796 0.0277335
663.546 0.0277114
664.295 0.0276893
665.044 0.0276672
665.793 0.0276452
666.542 0.0276233
667.290 0.0276014
668.038 0.0275796
668.786 0.0275578
669.533 0.0275362
670.281 0.0275147
671.028 0.0274933
671.774 0.0274721
672.521 0.0274510
673.267 0.0274301
674.013 0.0274093
674.759 0.0273887
675.505 0.0273683
676.250 0.0273481
676.995 0.0273281
677.740 0.0273084
678.484 0.0272888
679.229 0.0272695
679.973 0.0272504
680.717 0.0272315
681.460 0.0272129
682.204 0.0271945
682.947 0.0271764
683.690 0.0271585
684.433 0.0271409
685.175 0.0271235
685.917 0.0271064
686.659 0.0270895
687.401 0.0270728
688.142 0.0270564
688.884 0.0270402
689.625 0.0270242
690.365 0.0270085
691.106 0.0269930
691.846 0.0269777
692.586 0.0269625
693.326 0.0269476
694.066 0.0269328
694.805 0.0269181
695.545 0.0269036
696.284 0.0268893
697.022 0.0268751
697.761 0.0268610
698.499 0.0268470
699.237 0.0268330
699.975 0.0268192
700.713 0.0268053
701.450 0.0267916
702.187 0.0267778
702.924 0.0267641
703.661 0.0267504
704.397 0.0267366
705.133 0.0267228
705.869 0.0267090
706.605 0.0266951
707.341 0.0266812
708.076 0.0266671
708.811 0.0266530
709.546 0.0266388
710.281 0.0266245
711.015 0.0266100
711.749 0.0265954
712.483 0.0265807
713.217 0.0265658
713.950 0.0265508
714.684 0.0265356
715.417 0.0265202
716.150 0.0265047
716.882 0.0264890
717.615 0.0264732
718.347 0.0264571
719.079 0.0264409
719.811 0.0264245
720.542 0.0264080
721.273 0.0263913
722.005 0.0263744
722.735 0.0263574
723.466 0.0263402
724.196 0.0263229
724.927 0.0263054
725.656 0.0262878
726.386 0.0262701
727.116 0.0262522
727.845 0.0262343
728.574 0.0262163
729.303 0.0261982
730.031 0.0261800
730.760 0.0261618
731.488 0.0261435
732.216 0.0261252
732.944 0.0261069
733.671 0.0260887
734.398 0.0260704
735.125 0.0260521
735.852 0.0260339
736.579 0.0260158
737.305 0.0259977
738.031 0.0259797
738.757 0.0259619
739.483 0.0259441
740.208 0.0259265
740.933 0.0259091
741.658 0.0258918
742.383 0.0258747
743.108 0.0258578
743.832 0.0258411
744.556 0.0258246
745.280 0.0258083
746.004 0.0257923
746.727 0.0257765
747.450 0.0257610
748.173 0.0257458
748.896 0.0257308
749.618 0.0257161
750.340 0.0257018
751.062 0.0256877
751.784 0.0256739
752.506 0.0256605
753.227 0.0256473
753.948 0.0256345
754.669 0.0256220
755.389 0.0256098
756.110 0.0255979
756.830 0.0255864
757.550 0.0255751
758.269 0.0255642
758.989 0.0255536
759.708 0.0255433
760.427 0.0255333
761.146 0.0255235
761.864 0.0255141
762.582 0.0255050
763.300 0.0254961
764.018 0.0254874
764.736 0.0254791
765.453 0.0254709
766.170 0.0254630
766.887 0.0254553
767.603 0.0254478
768.320 0.0254405
769.036 0.0254334
769.751 0.0254264
770.467 0.0254195
771.182 0.0254128
771.897 0.0254063
772.612 0.0253998
773.327 0.0253934
774.041 0.0253870
774.755 0.0253807
775.469 0.0253745
776.183 0.0253682
776.896 0.0253620
777.609 0.0253558
778.322 0.0253495
779.035 0.0253432
779.747 0.0253368
780.459 0.0253303
781.171 0.0253237
781.882 0.0253171
782.594 0.0253103
783.305 0.0253033
784.016 0.0252963
784.726 0.0252890
785.436 0.0252816
786.147 0.0252740
786.856 0.0252661
787.566 0.0252581
788.275 0.0252499
788.984 0.0252414
789.693 0.0252326
790.401 0.0252237
791.110 0.0252144
791.818 0.0252049
792.525 0.0251952
793.233 0.0251851
793.940 0.0251748
794.647 0.0251642
795.353 0.0251533
796.060 0.0251421
796.766 0.0251306
797.472 0.0251189
798.177 0.0251068
798.883 0.0250945
799.588 0.0250818
800.292 0.0250690
800.997 0.0250558
801.701 0.0250423
802.405 0.0250286
803.109 0.0250146
803.812 0.0250004
804.515 0.0249859
805.218 0.0249711
805.921 0.0249562
806.623 0.0249410
807.325 0.0249256
808.027 0.0249100
808.728 0.0248943
809.429 0.0248783
810.130 0.0248622
810.831 0.0248459
811.531 0.0248295
812.231 0.0248130
812.931 0.0247964
813.630 0.0247797
814.330 0.0247629
815.029 0.0247460
815.727 0.0247291
816.426 0.0247121
817.124 0.0246952
817.821 0.0246782
818.519 0.0246612
819.216 0.0246443
819.913 0.0246274
820.609 0.0246106
821.306 0.0245939
822.002 0.0245773
822.697 0.0245608
823.393 0.0245443
824.088 0.0245281
824.783 0.0245120
825.477 0.0244961
826.171 0.0244803
826.865 0.0244648
827.559 0.0244494
828.252 0.0244344
828.945 0.0244195
829.638 0.0244049
830.330 0.0243906
831.023 0.0243765
831.714 0.0243627
832.406 0.0243492
833.097 0.0243361
833.788 0.0243232
834.479 0.0243107
835.169 0.0242985
835.859 0.0242867
836.548 0.0242752
837.238 0.0242641
837.927 0.0242534
838.615 0.0242430
839.304 0.0242329
839.992 0.0242233
840.680 0.0242140
841.367 0.0242052
842.054 0.0241967
842.741 0.0241886
843.428 0.0241808
844.114 0.0241735
844.800 0.0241665
845.485 0.0241599
846.170 0.0241537
846.855 0.0241479
847.540 0.0241424
848.224 0.0241374
848.908 0.0241326
849.592 0.0241283
850.275 0.0241242
850.958 0.0241205
851.641 0.0241172
852.323 0.0241142
853.005 0.0241115
853.687 0.0241091
854.368 0.0241070
855.049 0.0241052
855.730 0.0241036
856.410 0.0241024
857.090 0.0241014
857.769 0.0241006
858.449 0.0241000
859.128 0.0240997
859.806 0.0240996
860.485 0.0240997
861.163 0.0240999
861.840 0.0241003
862.518 0.0241009
863.195 0.0241016
863.871 0.0241024
864.548 0.0241033
865.224 0.0241043
865.899 0.0241054
866.574 0.0241065
867.249 0.0241077
867.924 0.0241089
868.598 0.0241102
869.272 0.0241114
869.946 0.0241126
870.619 0.0241138
871.292 0.0241149
871.964 0.0241160
872.636 0.0241170
873.308 0.0241179
873.979 0.0241187
874.651 0.0241194
875.321 0.0241200
875.992 0.0241204
876.662 0.0241207
877.331 0.0241207
878.001 0.0241206
878.670 0.0241204
879.338 0.0241199
880.007 0.0241191
880.675 0.0241182
881.342 0.0241170
882.009 0.0241156
882.676 0.0241139
883.343 0.0241119
884.009 0.0241096
884.675 0.0241071
885.340 0.0241043
886.005 0.0241011
886.670 0.0240977
887.334 0.0240939
887.998 0.0240898
888.662 0.0240854
889.325 0.0240806
889.988 0.0240755
890.650 0.0240701
891.312 0.0240643
891.974 0.0240582
892.636 0.0240517
893.297 0.0240449
893.957 0.0240377
894.618 0.0240302
895.278 0.0240223
895.937 0.0240140
896.596 0.0240054
897.255 0.0239964
897.914 0.0239871
898.572 0.0239775
899.230 0.0239675
899.887 0.0239571
900.544 0.0239464
901.201 0.0239354
901.857 0.0239241
902.513 0.0239124
903.168 0.0239004
903.823 0.0238881
904.478 0.0238755
905.132 0.0238626
905.786 0.0238494
906.440 0.0238359
907.093 0.0238222
907.746 0.0238082
908.399 0.0237939
909.051 0.0237793
909.703 0.0237646
910.354 0.0237496
911.005 0.0237344
911.656 0.0237190
912.306 0.0237034
912.956 0.0236875
913.605 0.0236716
914.254 0.0236555
914.903 0.0236392
915.551 0.0236227
916.199 0.0236062
916.847 0.0235895
917.494 0.0235727
918.141 0.0235558
918.788 0.0235389
919.434 0.0235219
920.079 0.0235048
920.725 0.0234877
921.370 0.0234706
922.014 0.0234534
922.658 0.0234363
923.302 0.0234191
923.946 0.0234020
924.589 0.0233849
925.231 0.0233679
925.873 0.0233510
926.515 0.0233341
927.157 0.0233172
927.798 0.0233005
928.439 0.0232839
929.079 0.0232675
929.719 0.0232511
930.359 0.0232349
930.998 0.0232189
931.637 0.0232030
932.275 0.0231873
932.913 0.0231718
933.551 0.0231565
934.188 0.0231415
934.825 0.0231266
935.462 0.0231120
936.098 0.0230976
936.733 0.0230835
937.369 0.0230696
938.004 0.0230560
938.638 0.0230427
939.273 0.0230297
939.907 0.0230170
940.540 0.0230045
941.173 0.0229924
941.806 0.0229806
942.438 0.0229692
943.070 0.0229580
943.702 0.0229472
944.333 0.0229367
944.964 0.0229266
945.594 0.0229168
946.224 0.0229074
946.854 0.0228984
947.483 0.0228897
948.112 0.0228814
948.741 0.0228734
949.369 0.0228658
949.996 0.0228586
950.624 0.0228518
951.251 0.0228454
951.878 0.0228393
952.504 0.0228336
953.130 0.0228283
953.755 0.0228234
954.380 0.0228188
955.005 0.0228147
955.629 0.0228109
956.253 0.0228075
956.877 0.0228045
957.500 0.0228018
958.123 0.0227996
958.746 0.0227977
959.368 0.0227961
959.990 0.0227949
960.611 0.0227956
961.232 0.0227967
961.853 0.0227981
962.473 0.0227998
963.093 0.0228019
963.712 0.0228043
964.331 0.0228070
964.950 0.0228101
965.569 0.0228134
966.187 0.0228171
966.804 0.0228211
967.422 0.0228253
968.039 0.0228299
968.655 0.0228347
969.272 0.0228398
969.887 0.0228451
970.503 0.0228507
971.118 0.0228566
971.733 0.0228627
972.347 0.0228690
972.961 0.0228756
973.575 0.0228824
974.188 0.0228894
974.801 0.0228965
975.414 0.0229039
976.026 0.0229114
976.638 0.0229192
977.250 0.0229270
977.861 0.0229351
978.472 0.0229432
979.083 0.0229515
979.693 0.0229600
980.303 0.0229685
980.912 0.0229771
981.521 0.0229859
982.130 0.0229947
982.738 0.0230035
983.346 0.0230125
983.954 0.0230215
984.562 0.0230305
985.169 0.0230396
985.775 0.0230487
986.382 0.0230578
986.988 0.0230669
987.594 0.0230760
988.199 0.0230851
988.804 0.0230941
989.409 0.0231032
990.013 0.0231121
990.617 0.0231210
991.221 0.0231299
991.824 0.0231387
992.427 0.0231474
993.030 0.0231560
993.632 0.0231644
994.234 0.0231728
994.836 0.0231811
995.438 0.0231892
996.039 0.0231972
996.640 0.0232050
997.240 0.0232127
997.840 0.0232202
998.440 0.0232276
999.040 0.0232348
999.639 0.0232417
1000.238 0.0232480
1000.836 0.0232533
1001.435 0.0232583
1002.033 0.0232631
1002.630 0.0232677
1003.228 0.0232721
1003.825 0.0232762
1004.422 0.0232801
1005.018 0.0232838
1005.614 0.0232872
1006.210 0.0232903
1006.806 0.0232931
1007.401 0.0232957
1007.996 0.0232981
1008.591 0.0233001
1009.186 0.0233018
1009.780 0.0233033
1010.374 0.0233044
1010.967 0.0233053
1011.561 0.0233058
1012.154 0.0233061
1012.746 0.0233060
1013.339 0.0233057
1013.931 0.0233050
1014.523 0.0233039
1015.115 0.0233026
1015.706 0.0233010
1016.298 0.0232990
1016.888 0.0232967
1017.479 0.0232940
1018.069 0.0232911
1018.660 0.0232877
1019.250 0.0232841
1019.839 0.0232801
1020.429 0.0232758
1021.018 0.0232712
1021.607 0.0232662
1022.195 0.0232609
1022.784 0.0232553
1023.372 0.0232493
1023.960 0.0232430
1024.547 0.0232364
1025.135 0.0232294
1025.722 0.0232222
1026.309 0.0232145
1026.896 0.0232066
1027.483 0.0231983
1028.069 0.0231898
1028.655 0.0231809
1029.241 0.0231717
1029.827 0.0231621
1030.412 0.0231523
1030.997 0.0231422
1031.582 0.0231318
1032.167 0.0231210
1032.752 0.0231100
1033.336 0.0230987
1033.921 0.0230871
1034.505 0.0230752
1035.089 0.0230630
1035.672 0.0230506
1036.256 0.0230379
1036.839 0.0230250
1037.422 0.0230118
1038.005 0.0229983
1038.588 0.0229846
1039.171 0.0229706
1039.753 0.0229564
1040.335 0.0229420
1040.918 0.0229273
1041.500 0.0229125
1042.081 0.0228974
1042.663 0.0228821
1043.244 0.0228667
1043.826 0.0228510
1044.407 0.0228351
1044.988 0.0228191
1045.569 0.0228029
1046.150 0.0227865
1046.730 0.0227700
1047.311 0.0227533
1047.891 0.0227365
1048.471 0.0227195
1049.052 0.0227024
1049.632 0.0226852
1050.211 0.0226679
1050.791 0.0226504
1051.371 0.0226329
1051.950 0.0226153
1052.530 0.0225975
1053.109 0.0225797
1053.688 0.0225619
1054.268 0.0225439
1054.847 0.0225259
1055.426 0.0225079
1056.005 0.0224898
1056.583 0.0224717
1057.162 0.0224536
1057.741 0.0224354
1058.319 0.0224173
1058.898 0.0223991
1059.476 0.0223810
1060.055 0.0223628
1060.633 0.0223447
1061.211 0.0223266
1061.790 0.0223086
1062.368 0.0222906
1062.946 0.0222726
1063.524 0.0222547
1064.102 0.0222369
1064.680 0.0222191
1065.258 0.0222015
1065.836 0.0221839
1066.414 0.0221664
1066.992 0.0221490
1067.570 0.0221317
1068.148 0.0221146
1068.726 0.0220975
1069.304 0.0220806
1069.882 0.0220639
1070.460 0.0220472
1071.038 0.0220308
1071.616 0.0220145
1072.194 0.0219983
1072.772 0.0219824
1073.350 0.0219666
1073.928 0.0219510
1074.506 0.0219356
1075.084 0.0219204
1075.662 0.0219054
1076.240 0.0218906
1076.819 0.0218759
1077.397 0.0218616
1077.976 0.0218474
1078.554 0.0218335
1079.133 0.0218199
1079.711 0.0218064
1080.290 0.0217932
1080.869 0.0217803
1081.448 0.0217676
1082.027 0.0217552
1082.606 0.0217431
1083.185 0.0217312
1083.764 0.0217196
1084.343 0.0217083
1084.923 0.0216973
1085.502 0.0216866
1086.082 0.0216761
1086.662 0.0216660
1087.242 0.0216561
1087.822 0.0216466
1088.402 0.0216373
1088.983 0.0216284
1089.563 0.0216198
1090.144 0.0216115
1090.725 0.0216035
1091.306 0.0215958
1091.887 0.0215885
1092.469 0.0215815
1093.050 0.0215748
1093.632 0.0215684
1094.214 0.0215624
1094.796 0.0215567
1095.379 0.0215514
1095.961 0.0215463
1096.544 0.0215417
1097.127 0.0215373
1097.710 0.0215333
1098.294 0.0215297
1098.877 0.0215264
1099.461 0.0215234
1100.046 0.0215207
1100.630 0.0215185
1101.215 0.0215165
1101.800 0.0215149
1102.385 0.0215137
1102.970 0.0215127
1103.556 0.0215122
1104.142 0.0215119
1104.728 0.0215120
1105.315 0.0215125
1105.902 0.0215133
1106.489 0.0215144
1107.077 0.0215159
1107.664 0.0215176
1108.253 0.0215198
1108.841 0.0215222
1109.430 0.0215250
1110.019 0.0215281
1110.609 0.0215316
1111.198 0.0215353
1111.789 0.0215394
1112.379 0.0215438
1112.970 0.0215485
1113.561 0.0215535
1114.153 0.0215588
1114.745 0.0215644
1115.338 0.0215704
1115.931 0.0215766
1116.524 0.0215831
1117.117 0.0215899
1117.712 0.0215970
1118.306 0.0216043
1118.901 0.0216120
1119.496 0.0216199
1120.092 0.0216281
1120.689 0.0216366
1121.285 0.0216453
1121.882 0.0216542
1122.480 0.0216634
1123.078 0.0216729
1123.677 0.0216826
1124.276 0.0216925
1124.875 0.0217027
1125.476 0.0217131
1126.076 0.0217237
1126.677 0.0217345
1127.279 0.0217455
1127.881 0.0217567
1128.484 0.0217681
1129.087 0.0217797
1129.691 0.0217915
1130.295 0.0218034
1130.900 0.0218155
1131.505 0.0218278
1132.111 0.0218402
1132.718 0.0218528
1133.325 0.0218656
1133.933 0.0218784
1134.541 0.0218914
1135.150 0.0219045
1135.760 0.0219177
1136.370 0.0219311
1136.981 0.0219445
1137.592 0.0219580
1138.204 0.0219716
1138.817 0.0219853
1139.431 0.0219990
1140.045 0.0220128
1140.660 0.0220267
1141.275 0.0220406
1141.891 0.0220546
1142.508 0.0220686
1143.126 0.0220826
1143.744 0.0220966
1144.363 0.0221106
1144.983 0.0221247
