432.689 0.0442805
433.621 0.0441487
434.552 0.0440183
435.482 0.0438891
436.410 0.0437613
437.337 0.0436347
438.262 0.0435095
439.187 0.0433854
440.110 0.0432626
441.031 0.0431411
441.952 0.0430206
442.871 0.0429014
443.789 0.0427834
444.705 0.0426665
445.621 0.0425506
446.535 0.0424360
447.447 0.0423225
448.359 0.0422099
449.269 0.0420985
450.178 0.0419882
451.086 0.0418788
451.993 0.0417704
452.898 0.0416632
453.803 0.0415567
454.706 0.0414514
455.608 0.0413470
456.508 0.0412436
457.408 0.0411410
458.306 0.0410395
459.204 0.0409387
460.100 0.0408390
460.995 0.0407401
461.888 0.0406421
462.781 0.0405449
463.673 0.0404485
464.563 0.0403531
465.452 0.0402585
466.340 0.0401647
467.228 0.0400715
468.114 0.0399793
468.999 0.0398879
469.882 0.0397973
470.765 0.0397073
471.647 0.0396181
472.528 0.0395297
473.407 0.0394421
474.286 0.0393551
475.163 0.0392690
476.040 0.0391834
476.915 0.0390987
477.790 0.0390145
478.663 0.0389312
479.535 0.0388485
480.407 0.0387664
481.277 0.0386850
482.147 0.0386042
483.015 0.0385242
483.883 0.0384447
484.749 0.0383659
485.615 0.0382877
486.479 0.0382102
487.343 0.0381332
488.206 0.0380568
489.067 0.0379810
489.928 0.0379058
490.788 0.0378312
491.647 0.0377571
492.505 0.0376836
493.362 0.0376106
494.218 0.0375382
495.073 0.0374664
495.928 0.0373950
496.781 0.0373242
497.634 0.0372538
498.486 0.0371840
499.337 0.0371147
500.187 0.0370458
501.036 0.0369775
501.884 0.0369097
502.731 0.0368424
503.578 0.0367755
504.424 0.0367091
505.268 0.0366433
506.113 0.0365778
506.956 0.0365128
507.798 0.0364483
508.640 0.0363842
509.480 0.0363207
510.320 0.0362575
511.160 0.0361948
511.998 0.0361325
512.836 0.0360707
513.672 0.0360094
514.508 0.0359484
515.344 0.0358879
516.178 0.0358278
517.012 0.0357682
517.845 0.0357089
518.677 0.0356501
519.508 0.0355917
520.339 0.0355337
521.169 0.0354761
521.998 0.0354188
522.826 0.0353620
523.654 0.0353055
524.481 0.0352495
525.307 0.0351938
526.133 0.0351384
526.958 0.0350833
527.782 0.0350287
528.605 0.0349744
529.428 0.0349204
530.250 0.0348667
531.072 0.0348134
531.892 0.0347604
532.712 0.0347077
533.532 0.0346553
534.350 0.0346032
535.168 0.0345515
535.986 0.0344999
536.802 0.0344488
537.618 0.0343979
538.434 0.0343473
539.249 0.0342969
540.063 0.0342469
540.876 0.0341972
541.689 0.0341477
542.501 0.0340986
543.313 0.0340496
544.124 0.0340010
544.934 0.0339527
545.744 0.0339047
546.553 0.0338569
547.361 0.0338095
548.169 0.0337623
548.976 0.0337155
549.783 0.0336689
550.589 0.0336226
551.395 0.0335765
552.200 0.0335308
553.004 0.0334854
553.808 0.0334403
554.611 0.0333955
555.414 0.0333509
556.216 0.0333067
557.018 0.0332627
557.819 0.0332190
558.619 0.0331756
559.419 0.0331325
560.218 0.0330897
561.017 0.0330471
561.815 0.0330049
562.613 0.0329628
563.410 0.0329211
564.207 0.0328795
565.003 0.0328383
565.799 0.0327973
566.594 0.0327565
567.388 0.0327160
568.182 0.0326756
568.976 0.0326355
569.769 0.0325956
570.562 0.0325559
571.354 0.0325164
572.145 0.0324771
572.936 0.0324380
573.727 0.0323990
574.517 0.0323602
575.307 0.0323216
576.096 0.0322831
576.885 0.0322448
577.673 0.0322067
578.461 0.0321687
579.248 0.0321309
580.035 0.0320931
580.821 0.0320556
581.607 0.0320182
582.392 0.0319809
583.177 0.0319437
583.962 0.0319067
584.746 0.0318699
585.529 0.0318332
586.313 0.0317965
587.095 0.0317601
587.878 0.0317238
588.660 0.0316877
589.441 0.0316517
590.222 0.0316159
591.003 0.0315802
591.783 0.0315448
592.563 0.0315095
593.342 0.0314743
594.121 0.0314394
594.899 0.0314047
595.678 0.0313701
596.455 0.0313357
597.233 0.0313016
598.009 0.0312677
598.786 0.0312339
599.562 0.0312004
600.338 0.0311671
601.113 0.0311340
601.888 0.0311012
602.663 0.0310686
603.437 0.0310362
604.211 0.0310040
604.984 0.0309721
605.757 0.0309404
606.530 0.0309089
607.302 0.0308777
608.074 0.0308466
608.845 0.0308159
609.616 0.0307853
610.387 0.0307549
611.158 0.0307247
611.928 0.0306947
612.697 0.0306650
613.467 0.0306354
614.236 0.0306060
615.004 0.0305768
615.773 0.0305477
616.541 0.0305188
617.308 0.0304901
618.076 0.0304614
618.843 0.0304329
619.609 0.0304046
620.375 0.0303764
621.141 0.0303482
621.907 0.0303202
622.672 0.0302922
623.437 0.0302643
624.202 0.0302365
624.966 0.0302088
625.730 0.0301811
626.493 0.0301534
627.257 0.0301258
628.020 0.0300982
628.782 0.0300707
629.545 0.0300432
630.307 0.0300157
631.068 0.0299882
631.830 0.0299608
632.591 0.0299333
633.352 0.0299059
634.112 0.0298785
634.872 0.0298510
635.632 0.0298236
636.392 0.0297962
637.151 0.0297689
637.910 0.0297415
638.668 0.0297142
639.427 0.0296869
640.185 0.0296596
640.943 0.0296324
641.700 0.0296052
642.457 0.0295781
643.214 0.0295510
643.971 0.0295240
644.727 0.0294971
645.483 0.0294702
646.239 0.0294435
646.994 0.0294169
647.750 0.0293903
648.505 0.0293639
649.259 0.0293376
650.014 0.0293115
650.768 0.0292855
651.521 0.0292597
652.275 0.0292340
653.028 0.0292085
653.781 0.0291832
654.534 0.0291580
655.286 0.0291331
656.039 0.0291084
656.791 0.0290839
657.542 0.0290596
658.294 0.0290355
659.045 0.0290117
659.796 0.0289881
660.546 0.0289647
661.297 0.0289415
662.047 0.0289186
662.796 0.0288960
663.546 0.0288735
664.295 0.0288513
665.044 0.0288293
665.793 0.0288076
666.542 0.0287861
667.290 0.0287648
668.038 0.0287437
668.786 0.0287228
669.533 0.0287021
670.281 0.0286817
671.028 0.0286614
671.774 0.0286413
672.521 0.0286213
673.267 0.0286016
674.013 0.0285820
674.759 0.0285625
675.505 0.0285431
676.250 0.0285239
676.995 0.0285048
677.740 0.0284857
678.484 0.0284668
679.229 0.0284479
679.973 0.0284291
680.717 0.0284103
681.460 0.0283916
682.204 0.0283728
682.947 0.0283541
683.690 0.0283354
684.433 0.0283166
685.175 0.0282979
685.917 0.0282791
686.659 0.0282603
687.401 0.0282414
688.142 0.0282224
688.884 0.0282034
689.625 0.0281843
690.365 0.0281651
691.106 0.0281458
691.846 0.0281265
692.586 0.0281070
693.326 0.0280874
694.066 0.0280677
694.805 0.0280479
695.545 0.0280279
696.284 0.0280079
697.022 0.0279877
697.761 0.0279675
698.499 0.0279471
699.237 0.0279266
699.975 0.0279060
700.713 0.0278853
701.450 0.0278645
702.187 0.0278436
702.924 0.0278226
703.661 0.0278016
704.397 0.0277804
705.133 0.0277593
705.869 0.0277380
706.605 0.0277168
707.341 0.0276954
708.076 0.0276741
708.811 0.0276528
709.546 0.0276315
710.281 0.0276102
711.015 0.0275889
711.749 0.0275677
712.483 0.0275465
713.217 0.0275253
713.950 0.0275043
714.684 0.0274834
715.417 0.0274625
716.150 0.0274418
716.882 0.0274212
717.615 0.0274008
718.347 0.0273805
719.079 0.0273604
719.811 0.0273404
720.542 0.0273207
721.273 0.0273012
722.005 0.0272818
722.735 0.0272627
723.466 0.0272439
724.196 0.0272252
724.927 0.0272068
725.656 0.0271887
726.386 0.0271709
727.116 0.0271533
727.845 0.0271360
728.574 0.0271190
729.303 0.0271022
730.031 0.0270858
730.760 0.0270696
731.488 0.0270537
732.216 0.0270381
732.944 0.0270228
733.671 0.0270078
734.398 0.0269931
735.125 0.0269787
735.852 0.0269645
736.579 0.0269506
737.305 0.0269370
738.031 0.0269237
738.757 0.0269106
739.483 0.0268977
740.208 0.0268851
740.933 0.0268728
741.658 0.0268606
742.383 0.0268487
743.108 0.0268369
743.832 0.0268254
744.556 0.0268140
745.280 0.0268028
746.004 0.0267918
746.727 0.0267809
747.450 0.0267701
748.173 0.0267594
748.896 0.0267488
749.618 0.0267383
750.340 0.0267279
751.062 0.0267175
751.784 0.0267072
752.506 0.0266968
753.227 0.0266865
753.948 0.0266762
754.669 0.0266659
755.389 0.0266555
756.110 0.0266451
756.830 0.0266346
757.550 0.0266240
758.269 0.0266134
758.989 0.0266026
759.708 0.0265917
760.427 0.0265807
761.146 0.0265696
761.864 0.0265583
762.582 0.0265468
763.300 0.0265352
764.018 0.0265234
764.736 0.0265114
765.453 0.0264992
766.170 0.0264868
766.887 0.0264742
767.603 0.0264613
768.320 0.0264483
769.036 0.0264350
769.751 0.0264215
770.467 0.0264077
771.182 0.0263937
771.897 0.0263795
772.612 0.0263650
773.327 0.0263503
774.041 0.0263354
774.755 0.0263202
775.469 0.0263048
776.183 0.0262891
776.896 0.0262732
777.609 0.0262571
778.322 0.0262408
779.035 0.0262243
779.747 0.0262076
780.459 0.0261907
781.171 0.0261736
781.882 0.0261563
782.594 0.0261389
783.305 0.0261213
784.016 0.0261035
784.726 0.0260857
785.436 0.0260677
786.147 0.0260495
786.856 0.0260313
787.566 0.0260130
788.275 0.0259946
788.984 0.0259762
789.693 0.0259577
790.401 0.0259392
791.110 0.0259207
791.818 0.0259022
792.525 0.0258837
793.233 0.0258652
793.940 0.0258468
794.647 0.0258284
795.353 0.0258101
796.060 0.0257919
796.766 0.0257737
797.472 0.0257557
798.177 0.0257379
798.883 0.0257201
799.588 0.0257026
800.292 0.0256852
800.997 0.0256680
801.701 0.0256510
802.405 0.0256342
803.109 0.0256176
803.812 0.0256013
804.515 0.0255853
805.218 0.0255694
805.921 0.0255539
806.623 0.0255386
807.325 0.0255237
808.027 0.0255090
808.728 0.0254946
809.429 0.0254806
810.130 0.0254669
810.831 0.0254535
811.531 0.0254404
812.231 0.0254277
812.931 0.0254153
813.630 0.0254033
814.330 0.0253916
815.029 0.0253803
815.727 0.0253693
816.426 0.0253587
817.124 0.0253485
817.821 0.0253386
818.519 0.0253291
819.216 0.0253199
819.913 0.0253111
820.609 0.0253026
821.306 0.0252945
822.002 0.0252867
822.697 0.0252792
823.393 0.0252721
824.088 0.0252653
824.783 0.0252589
825.477 0.0252527
826.171 0.0252468
826.865 0.0252413
827.559 0.0252360
828.252 0.0252310
828.945 0.0252263
829.638 0.0252218
830.330 0.0252176
831.023 0.0252136
831.714 0.0252098
832.406 0.0252062
833.097 0.0252028
833.788 0.0251996
834.479 0.0251966
835.169 0.0251938
835.859 0.0251910
836.548 0.0251884
837.238 0.0251860
837.927 0.0251836
838.615 0.0251813
839.304 0.0251791
839.992 0.0251769
840.680 0.0251748
841.367 0.0251727
842.054 0.0251707
842.741 0.0251686
843.428 0.0251665
844.114 0.0251644
844.800 0.0251622
845.485 0.0251600
846.170 0.0251577
846.855 0.0251553
847.540 0.0251529
848.224 0.0251503
848.908 0.0251475
849.592 0.0251447
850.275 0.0251417
850.958 0.0251385
851.641 0.0251351
852.323 0.0251316
853.005 0.0251278
853.687 0.0251239
854.368 0.0251197
855.049 0.0251153
855.730 0.0251107
856.410 0.0251058
857.090 0.0251006
857.769 0.0250952
858.449 0.0250895
859.128 0.0250835
859.806 0.0250773
860.485 0.0250707
861.163 0.0250639
861.840 0.0250567
862.518 0.0250492
863.195 0.0250414
863.871 0.0250334
864.548 0.0250249
865.224 0.0250162
865.899 0.0250071
866.574 0.0249978
867.249 0.0249880
867.924 0.0249780
868.598 0.0249676
869.272 0.0249570
869.946 0.0249459
870.619 0.0249346
871.292 0.0249230
871.964 0.0249110
872.636 0.0248988
873.308 0.0248862
873.979 0.0248733
874.651 0.0248601
875.321 0.0248467
875.992 0.0248329
876.662 0.0248189
877.331 0.0248046
878.001 0.0247900
878.670 0.0247752
879.338 0.0247602
880.007 0.0247449
880.675 0.0247293
881.342 0.0247136
882.009 0.0246976
882.676 0.0246815
883.343 0.0246651
884.009 0.0246486
884.675 0.0246318
885.340 0.0246150
886.005 0.0245980
886.670 0.0245808
887.334 0.0245636
887.998 0.0245462
888.662 0.0245287
889.325 0.0245112
889.988 0.0244935
890.650 0.0244758
891.312 0.0244581
891.974 0.0244403
892.636 0.0244225
893.297 0.0244047
893.957 0.0243869
894.618 0.0243690
895.278 0.0243513
895.937 0.0243336
896.596 0.0243159
897.255 0.0242983
897.914 0.0242807
898.572 0.0242633
899.230 0.0242460
899.887 0.0242287
900.544 0.0242117
901.201 0.0241947
901.857 0.0241779
902.513 0.0241613
903.168 0.0241448
903.823 0.0241286
904.478 0.0241125
905.132 0.0240966
905.786 0.0240810
906.440 0.0240656
907.093 0.0240504
907.746 0.0240355
908.399 0.0240208
909.051 0.0240064
909.703 0.0239922
910.354 0.0239784
911.005 0.0239649
911.656 0.0239516
912.306 0.0239387
912.956 0.0239260
913.605 0.0239137
914.254 0.0239018
914.903 0.0238901
915.551 0.0238788
916.199 0.0238678
916.847 0.0238572
917.494 0.0238470
918.141 0.0238371
918.788 0.0238275
919.434 0.0238183
920.079 0.0238095
920.725 0.0238011
921.370 0.0237930
922.014 0.0237853
922.658 0.0237780
923.302 0.0237710
923.946 0.0237644
924.589 0.0237582
925.231 0.0237524
925.873 0.0237469
926.515 0.0237418
927.157 0.0237371
927.798 0.0237328
928.439 0.0237288
929.079 0.0237252
929.719 0.0237219
930.359 0.0237190
930.998 0.0237165
931.637 0.0237143
932.275 0.0237124
932.913 0.0237109
933.551 0.0237097
934.188 0.0237089
934.825 0.0237083
935.462 0.0237081
936.098 0.0237082
936.733 0.0237086
937.369 0.0237093
938.004 0.0237103
938.638 0.0237116
939.273 0.0237131
939.907 0.0237150
940.540 0.0237170
941.173 0.0237193
941.806 0.0237219
942.438 0.0237247
943.070 0.0237277
943.702 0.0237310
944.333 0.0237344
944.964 0.0237381
945.594 0.0237419
946.224 0.0237459
946.854 0.0237501
947.483 0.0237544
948.112 0.0237589
948.741 0.0237635
949.369 0.0237682
949.996 0.0237731
950.624 0.0237780
951.251 0.0237831
951.878 0.0237882
952.504 0.0237934
953.130 0.0237987
953.755 0.0238040
954.380 0.0238094
955.005 0.0238148
955.629 0.0238202
956.253 0.0238257
956.877 0.0238311
957.500 0.0238365
958.123 0.0238420
958.746 0.0238473
959.368 0.0238527
959.990 0.0238580
960.611 0.0238649
961.232 0.0238718
961.853 0.0238786
962.473 0.0238854
963.093 0.0238920
963.712 0.0238985
964.331 0.0239049
964.950 0.0239111
965.569 0.0239172
966.187 0.0239232
966.804 0.0239290
967.422 0.0239346
968.039 0.0239401
968.655 0.0239453
969.272 0.0239504
969.887 0.0239553
970.503 0.0239599
971.118 0.0239644
971.733 0.0239686
972.347 0.0239726
972.961 0.0239764
973.575 0.0239800
974.188 0.0239832
974.801 0.0239863
975.414 0.0239890
976.026 0.0239915
976.638 0.0239938
977.250 0.0239957
977.861 0.0239974
978.472 0.0239988
979.083 0.0239999
979.693 0.0240007
980.303 0.0240012
980.912 0.0240014
981.521 0.0240013
982.130 0.0240009
982.738 0.0240002
983.346 0.0239992
983.954 0.0239979
984.562 0.0239962
985.169 0.0239942
985.775 0.0239919
986.382 0.0239893
986.988 0.0239864
987.594 0.0239831
988.199 0.0239795
988.804 0.0239756
989.409 0.0239713
990.013 0.0239667
990.617 0.0239618
991.221 0.0239566
991.824 0.0239511
992.427 0.0239452
993.030 0.0239390
993.632 0.0239325
994.234 0.0239257
994.836 0.0239185
995.438 0.0239110
996.039 0.0239033
996.640 0.0238952
997.240 0.0238868
997.840 0.0238781
998.440 0.0238691
999.040 0.0238598
999.639 0.0238502
1000.238 0.0238397
1000.836 0.0238280
1001.435 0.0238159
1002.033 0.0238036
1002.630 0.0237910
1003.228 0.0237782
1003.825 0.0237651
1004.422 0.0237517
1005.018 0.0237381
1005.614 0.0237243
1006.210 0.0237102
1006.806 0.0236958
1007.401 0.0236813
1007.996 0.0236665
1008.591 0.0236515
1009.186 0.0236363
1009.780 0.0236209
1010.374 0.0236054
1010.967 0.0235896
1011.561 0.0235736
1012.154 0.0235575
1012.746 0.0235412
1013.339 0.0235247
1013.931 0.0235081
1014.523 0.0234914
1015.115 0.0234745
1015.706 0.0234575
1016.298 0.0234403
1016.888 0.0234230
1017.479 0.0234057
1018.069 0.0233882
1018.660 0.0233706
1019.250 0.0233529
1019.839 0.0233352
1020.429 0.0233174
1021.018 0.0232995
1021.607 0.0232816
1022.195 0.0232637
1022.784 0.0232456
1023.372 0.0232276
1023.960 0.0232096
1024.547 0.0231915
1025.135 0.0231734
1025.722 0.0231553
1026.309 0.0231373
1026.896 0.0231192
1027.483 0.0231011
1028.069 0.0230832
1028.655 0.0230652
1029.241 0.0230473
1029.827 0.0230294
1030.412 0.0230116
1030.997 0.0229939
1031.582 0.0229763
1032.167 0.0229587
1032.752 0.0229412
1033.336 0.0229239
1033.921 0.0229066
1034.505 0.0228895
1035.089 0.0228724
1035.672 0.0228555
1036.256 0.0228388
1036.839 0.0228222
1037.422 0.0228057
1038.005 0.0227894
1038.588 0.0227732
1039.171 0.0227572
1039.753 0.0227414
1040.335 0.0227258
1040.918 0.0227103
1041.500 0.0226951
1042.081 0.0226800
1042.663 0.0226652
1043.244 0.0226506
1043.826 0.0226361
1044.407 0.0226219
1044.988 0.0226080
1045.569 0.0225942
1046.150 0.0225807
1046.730 0.0225675
1047.311 0.0225544
1047.891 0.0225417
1048.471 0.0225292
1049.052 0.0225169
1049.632 0.0225049
1050.211 0.0224933
1050.791 0.0224818
1051.371 0.0224706
1051.950 0.0224598
1052.530 0.0224492
1053.109 0.0224388
1053.688 0.0224288
1054.268 0.0224191
1054.847 0.0224096
1055.426 0.0224005
1056.005 0.0223917
1056.583 0.0223832
1057.162 0.0223749
1057.741 0.0223670
1058.319 0.0223594
1058.898 0.0223521
1059.476 0.0223451
1060.055 0.0223385
1060.633 0.0223321
1061.211 0.0223261
1061.790 0.0223204
1062.368 0.0223150
1062.946 0.0223099
1063.524 0.0223051
1064.102 0.0223007
1064.680 0.0222966
1065.258 0.0222928
1065.836 0.0222894
1066.414 0.0222862
1066.992 0.0222834
1067.570 0.0222809
1068.148 0.0222787
1068.726 0.0222768
1069.304 0.0222753
1069.882 0.0222741
1070.460 0.0222732
1071.038 0.0222726
1071.616 0.0222723
1072.194 0.0222723
1072.772 0.0222727
1073.350 0.0222733
1073.928 0.0222743
1074.506 0.0222755
1075.084 0.0222771
1075.662 0.0222790
1076.240 0.0222811
1076.819 0.0222836
1077.397 0.0222863
1077.976 0.0222893
1078.554 0.0222927
1079.133 0.0222963
1079.711 0.0223001
1080.290 0.0223043
1080.869 0.0223087
1081.448 0.0223134
1082.027 0.0223184
1082.606 0.0223236
1083.185 0.0223290
1083.764 0.0223348
1084.343 0.0223407
1084.923 0.0223469
1085.502 0.0223534
1086.082 0.0223601
1086.662 0.0223670
1087.242 0.0223741
1087.822 0.0223815
1088.402 0.0223891
1088.983 0.0223969
1089.563 0.0224048
1090.144 0.0224130
1090.725 0.0224214
1091.306 0.0224300
1091.887 0.0224387
1092.469 0.0224477
1093.050 0.0224568
1093.632 0.0224661
1094.214 0.0224755
1094.796 0.0224851
1095.379 0.0224948
1095.961 0.0225047
1096.544 0.0225147
1097.127 0.0225249
1097.710 0.0225351
1098.294 0.0225455
1098.877 0.0225560
1099.461 0.0225667
1100.046 0.0225774
1100.630 0.0225882
1101.215 0.0225991
1101.800 0.0226101
1102.385 0.0226211
1102.970 0.0226322
1103.556 0.0226434
1104.142 0.0226546
1104.728 0.0226659
1105.315 0.0226772
1105.902 0.0226886
1106.489 0.0227000
1107.077 0.0227114
1107.664 0.0227228
1108.253 0.0227342
1108.841 0.0227457
1109.430 0.0227571
1110.019 0.0227685
1110.609 0.0227799
1111.198 0.0227912
1111.789 0.0228026
1112.379 0.0228139
1112.970 0.0228251
1113.561 0.0228363
1114.153 0.0228475
1114.745 0.0228585
1115.338 0.0228695
1115.931 0.0228805
1116.524 0.0228913
1117.117 0.0229020
1117.712 0.0229127
1118.306 0.0229232
1118.901 0.0229336
1119.496 0.0229439
1120.092 0.0229541
1120.689 0.0229642
1121.285 0.0229741
1121.882 0.0229838
1122.480 0.0229935
1123.078 0.0230029
1123.677 0.0230122
1124.276 0.0230213
1124.875 0.0230303
1125.476 0.0230391
1126.076 0.0230476
1126.677 0.0230560
1127.279 0.0230642
1127.881 0.0230722
1128.484 0.0230800
1129.087 0.0230875
1129.691 0.0230948
1130.295 0.0231019
1130.900 0.0231088
1131.505 0.0231154
1132.111 0.0231218
1132.718 0.0231280
1133.325 0.0231338
1133.933 0.0231395
1134.541 0.0231448
1135.150 0.0231499
1135.760 0.0231547
1136.370 0.0231593
1136.981 0.0231635
1137.592 0.0231675
1138.204 0.0231712
1138.817 0.0231745
1139.431 0.0231776
1140.045 0.0231804
1140.660 0.0231829
1141.275 0.0231850
1141.891 0.0231868
1142.508 0.0231883
1143.126 0.0231895
1143.744 0.0231904
1144.363 0.0231909
1144.983 0.0231911
