432.689 0.0425387
433.621 0.0424148
434.552 0.0422921
435.482 0.0421707
436.410 0.0420505
437.337 0.0419316
438.262 0.0418139
439.187 0.0416972
440.110 0.0415818
441.031 0.0414677
441.952 0.0413545
442.871 0.0412425
443.789 0.0411317
444.705 0.0410219
445.621 0.0409131
446.535 0.0408055
447.447 0.0406990
448.359 0.0405933
449.269 0.0404888
450.178 0.0403852
451.086 0.0402826
451.993 0.0401809
452.898 0.0400803
453.803 0.0399805
454.706 0.0398816
455.608 0.0397837
456.508 0.0396868
457.408 0.0395906
458.306 0.0394954
459.204 0.0394009
460.100 0.0393074
460.995 0.0392147
461.888 0.0391229
462.781 0.0390318
463.673 0.0389415
464.563 0.0388521
465.452 0.0387634
466.340 0.0386756
467.228 0.0385883
468.114 0.0385019
468.999 0.0384163
469.882 0.0383315
470.765 0.0382473
471.647 0.0381638
472.528 0.0380810
473.407 0.0379990
474.286 0.0379176
475.163 0.0378370
476.040 0.0377570
476.915 0.0376777
477.790 0.0375990
478.663 0.0375210
479.535 0.0374437
480.407 0.0373669
481.277 0.0372908
482.147 0.0372153
483.015 0.0371404
483.883 0.0370661
484.749 0.0369924
485.615 0.0369193
486.479 0.0368468
487.343 0.0367748
488.206 0.0367033
489.067 0.0366325
489.928 0.0365622
490.788 0.0364924
491.647 0.0364231
492.505 0.0363543
493.362 0.0362861
494.218 0.0362184
495.073 0.0361512
495.928 0.0360845
496.781 0.0360183
497.634 0.0359525
498.486 0.0358872
499.337 0.0358225
500.187 0.0357582
501.036 0.0356944
501.884 0.0356310
502.731 0.0355682
503.578 0.0355057
504.424 0.0354438
505.268 0.0353823
506.113 0.0353212
506.956 0.0352606
507.798 0.0352005
508.640 0.0351408
509.480 0.0350816
510.320 0.0350227
511.160 0.0349642
511.998 0.0349063
512.836 0.0348487
513.672 0.0347916
514.508 0.0347348
515.344 0.0346784
516.178 0.0346224
517.012 0.0345668
517.845 0.0345116
518.677 0.0344568
519.508 0.0344024
520.339 0.0343482
521.169 0.0342945
521.998 0.0342411
522.826 0.0341880
523.654 0.0341353
524.481 0.0340828
525.307 0.0340308
526.133 0.0339790
526.958 0.0339275
527.782 0.0338764
528.605 0.0338256
529.428 0.0337751
530.250 0.0337248
531.072 0.0336749
531.892 0.0336253
532.712 0.0335760
533.532 0.0335269
534.350 0.0334782
535.168 0.0334298
535.986 0.0333816
536.802 0.0333338
537.618 0.0332863
538.434 0.0332391
539.249 0.0331921
540.063 0.0331455
540.876 0.0330992
541.689 0.0330532
542.501 0.0330075
543.313 0.0329620
544.124 0.0329169
544.934 0.0328721
545.744 0.0328276
546.553 0.0327834
547.361 0.0327395
548.169 0.0326959
548.976 0.0326526
549.783 0.0326096
550.589 0.0325668
551.395 0.0325243
552.200 0.0324822
553.004 0.0324402
553.808 0.0323986
554.611 0.0323572
555.414 0.0323160
556.216 0.0322751
557.018 0.0322344
557.819 0.0321940
558.619 0.0321538
559.419 0.0321137
560.218 0.0320740
561.017 0.0320344
561.815 0.0319950
562.613 0.0319557
563.410 0.0319167
564.207 0.0318779
565.003 0.0318392
565.799 0.0318007
566.594 0.0317623
567.388 0.0317242
568.182 0.0316861
568.976 0.0316483
569.769 0.0316106
570.562 0.0315730
571.354 0.0315356
572.145 0.0314984
572.936 0.0314613
573.727 0.0314244
574.517 0.0313876
575.307 0.0313510
576.096 0.0313146
576.885 0.0312784
577.673 0.0312423
578.461 0.0312065
579.248 0.0311708
580.035 0.0311353
580.821 0.0311000
581.607 0.0310649
582.392 0.0310300
583.177 0.0309954
583.962 0.0309609
584.746 0.0309267
585.529 0.0308927
586.313 0.0308589
587.095 0.0308253
587.878 0.0307920
588.660 0.0307589
589.441 0.0307261
590.222 0.0306934
591.003 0.0306610
591.783 0.0306289
592.563 0.0305970
593.342 0.0305653
594.121 0.0305338
594.899 0.0305026
595.678 0.0304715
596.455 0.0304407
597.233 0.0304101
598.009 0.0303797
598.786 0.0303494
599.562 0.0303193
600.338 0.0302894
601.113 0.0302597
601.888 0.0302301
602.663 0.0302007
603.437 0.0301714
604.211 0.0301422
604.984 0.0301132
605.757 0.0300842
606.530 0.0300554
607.302 0.0300266
608.074 0.0299979
608.845 0.0299693
609.616 0.0299408
610.387 0.0299123
611.158 0.0298838
611.928 0.0298555
612.697 0.0298271
613.467 0.0297988
614.236 0.0297706
615.004 0.0297423
615.773 0.0297141
616.541 0.0296860
617.308 0.0296578
618.076 0.0296297
618.843 0.0296017
619.609 0.0295737
620.375 0.0295457
621.141 0.0295177
621.907 0.0294898
622.672 0.0294620
623.437 0.0294343
624.202 0.0294066
624.966 0.0293790
625.730 0.0293515
626.493 0.0293241
627.257 0.0292967
628.020 0.0292696
628.782 0.0292425
629.545 0.0292156
630.307 0.0291888
631.068 0.0291622
631.830 0.0291357
632.591 0.0291094
633.352 0.0290833
634.112 0.0290574
634.872 0.0290316
635.632 0.0290061
636.392 0.0289808
637.151 0.0289557
637.910 0.0289308
638.668 0.0289061
639.427 0.0288817
640.185 0.0288575
640.943 0.0288335
641.700 0.0288098
642.457 0.0287863
643.214 0.0287630
643.971 0.0287400
644.727 0.0287171
645.483 0.0286945
646.239 0.0286722
646.994 0.0286500
647.750 0.0286280
648.505 0.0286062
649.259 0.0285846
650.014 0.0285632
650.768 0.0285420
651.521 0.0285209
652.275 0.0284999
653.028 0.0284791
653.781 0.0284585
654.534 0.0284379
655.286 0.0284174
656.039 0.0283970
656.791 0.0283767
657.542 0.0283564
658.294 0.0283362
659.045 0.0283160
659.796 0.0282959
660.546 0.0282757
661.297 0.0282556
662.047 0.0282354
662.796 0.0282152
663.546 0.0281950
664.295 0.0281747
665.044 0.0281544
665.793 0.0281340
666.542 0.0281136
667.290 0.0280931
668.038 0.0280725
668.786 0.0280518
669.533 0.0280310
670.281 0.0280102
671.028 0.0279892
671.774 0.0279682
672.521 0.0279471
673.267 0.0279258
674.013 0.0279045
674.759 0.0278832
675.505 0.0278617
676.250 0.0278402
676.995 0.0278186
677.740 0.0277969
678.484 0.0277752
679.229 0.0277535
679.973 0.0277317
680.717 0.0277099
681.460 0.0276882
682.204 0.0276664
682.947 0.0276446
683.690 0.0276229
684.433 0.0276012
685.175 0.0275795
685.917 0.0275580
686.659 0.0275365
687.401 0.0275151
688.142 0.0274939
688.884 0.0274727
689.625 0.0274517
690.365 0.0274309
691.106 0.0274102
691.846 0.0273897
692.586 0.0273694
693.326 0.0273493
694.066 0.0273294
694.805 0.0273097
695.545 0.0272903
696.284 0.0272711
697.022 0.0272522
697.761 0.0272335
698.499 0.0272151
699.237 0.0271969
699.975 0.0271790
700.713 0.0271614
701.450 0.0271441
702.187 0.0271271
702.924 0.0271103
703.661 0.0270939
704.397 0.0270777
705.133 0.0270618
705.869 0.0270461
706.605 0.0270307
707.341 0.0270156
708.076 0.0270007
708.811 0.0269861
709.546 0.0269717
710.281 0.0269576
711.015 0.0269436
711.749 0.0269299
712.483 0.0269163
713.217 0.0269030
713.950 0.0268898
714.684 0.0268767
715.417 0.0268638
716.150 0.0268510
716.882 0.0268383
717.615 0.0268257
718.347 0.0268132
719.079 0.0268007
719.811 0.0267883
720.542 0.0267759
721.273 0.0267635
722.005 0.0267511
722.735 0.0267387
723.466 0.0267262
724.196 0.0267137
724.927 0.0267011
725.656 0.0266885
726.386 0.0266757
727.116 0.0266628
727.845 0.0266498
728.574 0.0266367
729.303 0.0266234
730.031 0.0266099
730.760 0.0265963
731.488 0.0265825
732.216 0.0265685
732.944 0.0265543
733.671 0.0265400
734.398 0.0265254
735.125 0.0265106
735.852 0.0264955
736.579 0.0264803
737.305 0.0264649
738.031 0.0264492
738.757 0.0264333
739.483 0.0264172
740.208 0.0264009
740.933 0.0263844
741.658 0.0263677
742.383 0.0263507
743.108 0.0263336
743.832 0.0263163
744.556 0.0262988
745.280 0.0262812
746.004 0.0262634
746.727 0.0262455
747.450 0.0262274
748.173 0.0262092
748.896 0.0261910
749.618 0.0261726
750.340 0.0261542
751.062 0.0261356
751.784 0.0261171
752.506 0.0260985
753.227 0.0260799
753.948 0.0260613
754.669 0.0260427
755.389 0.0260242
756.110 0.0260057
756.830 0.0259873
757.550 0.0259690
758.269 0.0259508
758.989 0.0259327
759.708 0.0259148
760.427 0.0258970
761.146 0.0258794
761.864 0.0258620
762.582 0.0258448
763.300 0.0258278
764.018 0.0258110
764.736 0.0257945
765.453 0.0257782
766.170 0.0257622
766.887 0.0257465
767.603 0.0257311
768.320 0.0257160
769.036 0.0257012
769.751 0.0256867
770.467 0.0256726
771.182 0.0256588
771.897 0.0256453
772.612 0.0256322
773.327 0.0256195
774.041 0.0256071
774.755 0.0255950
775.469 0.0255833
776.183 0.0255720
776.896 0.0255610
777.609 0.0255504
778.322 0.0255402
779.035 0.0255302
779.747 0.0255207
780.459 0.0255114
781.171 0.0255025
781.882 0.0254940
782.594 0.0254857
783.305 0.0254778
784.016 0.0254701
784.726 0.0254627
785.436 0.0254556
786.147 0.0254488
786.856 0.0254422
787.566 0.0254358
788.275 0.0254297
788.984 0.0254238
789.693 0.0254180
790.401 0.0254125
791.110 0.0254071
791.818 0.0254018
792.525 0.0253967
793.233 0.0253916
793.940 0.0253867
794.647 0.0253818
795.353 0.0253770
796.060 0.0253722
796.766 0.0253675
797.472 0.0253627
798.177 0.0253580
798.883 0.0253531
799.588 0.0253483
800.292 0.0253433
800.997 0.0253383
801.701 0.0253332
802.405 0.0253279
803.109 0.0253226
803.812 0.0253170
804.515 0.0253113
805.218 0.0253054
805.921 0.0252994
806.623 0.0252931
807.325 0.0252866
808.027 0.0252798
808.728 0.0252728
809.429 0.0252656
810.130 0.0252580
810.831 0.0252502
811.531 0.0252421
812.231 0.0252337
812.931 0.0252250
813.630 0.0252161
814.330 0.0252067
815.029 0.0251971
815.727 0.0251871
816.426 0.0251768
817.124 0.0251662
817.821 0.0251553
818.519 0.0251440
819.216 0.0251324
819.913 0.0251205
820.609 0.0251082
821.306 0.0250956
822.002 0.0250827
822.697 0.0250695
823.393 0.0250560
824.088 0.0250421
824.783 0.0250280
825.477 0.0250136
826.171 0.0249989
826.865 0.0249839
827.559 0.0249686
828.252 0.0249532
828.945 0.0249374
829.638 0.0249215
830.330 0.0249053
831.023 0.0248889
831.714 0.0248723
832.406 0.0248556
833.097 0.0248387
833.788 0.0248216
834.479 0.0248044
835.169 0.0247871
835.859 0.0247697
836.548 0.0247523
837.238 0.0247347
837.927 0.0247171
838.615 0.0246995
839.304 0.0246818
839.992 0.0246641
840.680 0.0246465
841.367 0.0246289
842.054 0.0246113
842.741 0.0245938
843.428 0.0245764
844.114 0.0245591
844.800 0.0245419
845.485 0.0245249
846.170 0.0245080
846.855 0.0244913
847.540 0.0244747
848.224 0.0244584
848.908 0.0244422
849.592 0.0244263
850.275 0.0244107
850.958 0.0243952
851.641 0.0243801
852.323 0.0243653
853.005 0.0243507
853.687 0.0243364
854.368 0.0243225
855.049 0.0243089
855.730 0.0242956
856.410 0.0242827
857.090 0.0242702
857.769 0.0242580
858.449 0.0242462
859.128 0.0242347
859.806 0.0242237
860.485 0.0242130
861.163 0.0242028
861.840 0.0241929
862.518 0.0241835
863.195 0.0241745
863.871 0.0241659
864.548 0.0241576
865.224 0.0241499
865.899 0.0241425
866.574 0.0241355
867.249 0.0241290
867.924 0.0241229
868.598 0.0241171
869.272 0.0241118
869.946 0.0241069
870.619 0.0241024
871.292 0.0240982
871.964 0.0240945
872.636 0.0240912
873.308 0.0240882
873.979 0.0240855
874.651 0.0240833
875.321 0.0240814
875.992 0.0240798
876.662 0.0240785
877.331 0.0240776
878.001 0.0240770
878.670 0.0240766
879.338 0.0240766
880.007 0.0240768
880.675 0.0240773
881.342 0.0240781
882.009 0.0240790
882.676 0.0240802
883.343 0.0240816
884.009 0.0240832
884.675 0.0240850
885.340 0.0240869
886.005 0.0240890
886.670 0.0240912
887.334 0.0240935
887.998 0.0240960
888.662 0.0240985
889.325 0.0241011
889.988 0.0241038
890.650 0.0241065
891.312 0.0241092
891.974 0.0241119
892.636 0.0241146
893.297 0.0241173
893.957 0.0241200
894.618 0.0241226
895.278 0.0241252
895.937 0.0241276
896.596 0.0241300
897.255 0.0241323
897.914 0.0241344
898.572 0.0241364
899.230 0.0241383
899.887 0.0241400
900.544 0.0241415
901.201 0.0241428
901.857 0.0241439
902.513 0.0241448
903.168 0.0241454
903.823 0.0241458
904.478 0.0241460
905.132 0.0241459
905.786 0.0241455
906.440 0.0241449
907.093 0.0241439
907.746 0.0241427
908.399 0.0241411
909.051 0.0241393
909.703 0.0241371
910.354 0.0241345
911.005 0.0241317
911.656 0.0241285
912.306 0.0241249
912.956 0.0241210
913.605 0.0241167
914.254 0.0241120
914.903 0.0241070
915.551 0.0241016
916.199 0.0240959
916.847 0.0240897
917.494 0.0240832
918.141 0.0240763
918.788 0.0240691
919.434 0.0240614
920.079 0.0240534
920.725 0.0240450
921.370 0.0240362
922.014 0.0240271
922.658 0.0240176
923.302 0.0240077
923.946 0.0239974
924.589 0.0239868
925.231 0.0239758
925.873 0.0239645
926.515 0.0239528
927.157 0.0239408
927.798 0.0239285
928.439 0.0239158
929.079 0.0239028
929.719 0.0238895
930.359 0.0238759
930.998 0.0238620
931.637 0.0238478
932.275 0.0238333
932.913 0.0238186
933.551 0.0238036
934.188 0.0237883
934.825 0.0237728
935.462 0.0237571
936.098 0.0237412
936.733 0.0237250
937.369 0.0237086
938.004 0.0236921
938.638 0.0236754
939.273 0.0236585
939.907 0.0236414
940.540 0.0236243
941.173 0.0236069
941.806 0.0235895
942.438 0.0235720
943.070 0.0235544
943.702 0.0235367
944.333 0.0235189
944.964 0.0235011
945.594 0.0234832
946.224 0.0234653
946.854 0.0234474
947.483 0.0234295
948.112 0.0234116
948.741 0.0233937
949.369 0.0233759
949.996 0.0233581
950.624 0.0233403
951.251 0.0233227
951.878 0.0233051
952.504 0.0232876
953.130 0.0232702
953.755 0.0232530
954.380 0.0232359
955.005 0.0232189
955.629 0.0232021
956.253 0.0231855
956.877 0.0231690
957.500 0.0231527
958.123 0.0231366
958.746 0.0231207
959.368 0.0231051
959.990 0.0230897
960.611 0.0230762
961.232 0.0230629
961.853 0.0230499
962.473 0.0230371
963.093 0.0230247
963.712 0.0230125
964.331 0.0230005
964.950 0.0229889
965.569 0.0229776
966.187 0.0229666
966.804 0.0229559
967.422 0.0229455
968.039 0.0229354
968.655 0.0229257
969.272 0.0229163
969.887 0.0229073
970.503 0.0228986
971.118 0.0228903
971.733 0.0228823
972.347 0.0228747
972.961 0.0228675
973.575 0.0228606
974.188 0.0228541
974.801 0.0228480
975.414 0.0228422
976.026 0.0228369
976.638 0.0228319
977.250 0.0228273
977.861 0.0228231
978.472 0.0228193
979.083 0.0228158
979.693 0.0228127
980.303 0.0228101
980.912 0.0228078
981.521 0.0228059
982.130 0.0228043
982.738 0.0228032
983.346 0.0228024
983.954 0.0228020
984.562 0.0228020
985.169 0.0228023
985.775 0.0228030
986.382 0.0228041
986.988 0.0228055
987.594 0.0228073
988.199 0.0228094
988.804 0.0228119
989.409 0.0228147
990.013 0.0228179
990.617 0.0228214
991.221 0.0228252
991.824 0.0228293
992.427 0.0228338
993.030 0.0228385
993.632 0.0228436
994.234 0.0228489
994.836 0.0228546
995.438 0.0228605
996.039 0.0228667
996.640 0.0228731
997.240 0.0228798
997.840 0.0228868
998.440 0.0228940
999.040 0.0229014
999.639 0.0229090
1000.238 0.0229164
1000.836 0.0229230
1001.435 0.0229299
1002.033 0.0229370
1002.630 0.0229443
1003.228 0.0229517
1003.825 0.0229593
1004.422 0.0229671
1005.018 0.0229750
1005.614 0.0229830
1006.210 0.0229912
1006.806 0.0229995
1007.401 0.0230078
1007.996 0.0230163
1008.591 0.0230249
1009.186 0.0230336
1009.780 0.0230423
1010.374 0.0230511
1010.967 0.0230599
1011.561 0.0230688
1012.154 0.0230777
1012.746 0.0230866
1013.339 0.0230955
1013.931 0.0231044
1014.523 0.0231133
1015.115 0.0231222
1015.706 0.0231310
1016.298 0.0231399
1016.888 0.0231486
1017.479 0.0231573
1018.069 0.0231660
1018.660 0.0231745
1019.250 0.0231830
1019.839 0.0231914
1020.429 0.0231996
1021.018 0.0232078
1021.607 0.0232158
1022.195 0.0232237
1022.784 0.0232315
1023.372 0.0232391
1023.960 0.0232465
1024.547 0.0232538
1025.135 0.0232609
1025.722 0.0232678
1026.309 0.0232746
1026.896 0.0232811
1027.483 0.0232875
1028.069 0.0232936
1028.655 0.0232995
1029.241 0.0233051
1029.827 0.0233106
1030.412 0.0233158
1030.997 0.0233207
1031.582 0.0233255
1032.167 0.0233299
1032.752 0.0233341
1033.336 0.0233380
1033.921 0.0233416
1034.505 0.0233450
1035.089 0.0233481
1035.672 0.0233508
1036.256 0.0233533
1036.839 0.0233555
1037.422 0.0233574
1038.005 0.0233589
1038.588 0.0233602
1039.171 0.0233611
1039.753 0.0233618
1040.335 0.0233621
1040.918 0.0233620
1041.500 0.0233617
1042.081 0.0233610
1042.663 0.0233599
1043.244 0.0233586
1043.826 0.0233569
1044.407 0.0233548
1044.988 0.0233525
1045.569 0.0233497
1046.150 0.0233467
1046.730 0.0233433
1047.311 0.0233395
1047.891 0.0233354
1048.471 0.0233309
1049.052 0.0233261
1049.632 0.0233210
1050.211 0.0233155
1050.791 0.0233096
1051.371 0.0233035
1051.950 0.0232969
1052.530 0.0232900
1053.109 0.0232828
1053.688 0.0232753
1054.268 0.0232674
1054.847 0.0232591
1055.426 0.0232506
1056.005 0.0232417
1056.583 0.0232324
1057.162 0.0232229
1057.741 0.0232130
1058.319 0.0232028
1058.898 0.0231922
1059.476 0.0231814
1060.055 0.0231702
1060.633 0.0231588
1061.211 0.0231470
1061.790 0.0231349
1062.368 0.0231226
1062.946 0.0231099
1063.524 0.0230970
1064.102 0.0230838
1064.680 0.0230703
1065.258 0.0230565
1065.836 0.0230424
1066.414 0.0230281
1066.992 0.0230136
1067.570 0.0229987
1068.148 0.0229837
1068.726 0.0229684
1069.304 0.0229528
1069.882 0.0229371
1070.460 0.0229211
1071.038 0.0229049
1071.616 0.0228885
1072.194 0.0228718
1072.772 0.0228550
1073.350 0.0228380
1073.928 0.0228208
1074.506 0.0228035
1075.084 0.0227860
1075.662 0.0227683
1076.240 0.0227504
1076.819 0.0227324
1077.397 0.0227143
1077.976 0.0226960
1078.554 0.0226776
1079.133 0.0226590
1079.711 0.0226404
1080.290 0.0226217
1080.869 0.0226029
1081.448 0.0225839
1082.027 0.0225649
1082.606 0.0225458
1083.185 0.0225267
1083.764 0.0225075
1084.343 0.0224883
1084.923 0.0224690
1085.502 0.0224497
1086.082 0.0224303
1086.662 0.0224109
1087.242 0.0223916
1087.822 0.0223722
1088.402 0.0223528
1088.983 0.0223334
1089.563 0.0223141
1090.144 0.0222948
1090.725 0.0222755
1091.306 0.0222563
1091.887 0.0222371
1092.469 0.0222180
1093.050 0.0221990
1093.632 0.0221800
1094.214 0.0221611
1094.796 0.0221423
1095.379 0.0221236
1095.961 0.0221050
1096.544 0.0220865
1097.127 0.0220682
1097.710 0.0220500
1098.294 0.0220319
1098.877 0.0220140
1099.461 0.0219962
1100.046 0.0219785
1100.630 0.0219611
1101.215 0.0219438
1101.800 0.0219267
1102.385 0.0219098
1102.970 0.0218931
1103.556 0.0218765
1104.142 0.0218602
1104.728 0.0218441
1105.315 0.0218282
1105.902 0.0218126
1106.489 0.0217972
1107.077 0.0217820
1107.664 0.0217671
1108.253 0.0217524
1108.841 0.0217380
1109.430 0.0217238
1110.019 0.0217100
1110.609 0.0216963
1111.198 0.0216830
1111.789 0.0216700
1112.379 0.0216573
1112.970 0.0216448
1113.561 0.0216327
1114.153 0.0216208
1114.745 0.0216093
1115.338 0.0215981
1115.931 0.0215872
1116.524 0.0215766
1117.117 0.0215664
1117.712 0.0215565
1118.306 0.0215469
1118.901 0.0215377
1119.496 0.0215288
1120.092 0.0215203
1120.689 0.0215121
1121.285 0.0215043
1121.882 0.0214968
1122.480 0.0214897
1123.078 0.0214830
1123.677 0.0214766
1124.276 0.0214706
1124.875 0.0214650
1125.476 0.0214597
1126.076 0.0214548
1126.677 0.0214503
1127.279 0.0214462
1127.881 0.0214424
1128.484 0.0214390
1129.087 0.0214360
1129.691 0.0214334
1130.295 0.0214312
1130.900 0.0214293
1131.505 0.0214279
1132.111 0.0214268
1132.718 0.0214261
1133.325 0.0214258
1133.933 0.0214259
1134.541 0.0214263
1135.150 0.0214272
1135.760 0.0214284
1136.370 0.0214300
1136.981 0.0214320
1137.592 0.0214344
1138.204 0.0214371
1138.817 0.0214402
1139.431 0.0214437
1140.045 0.0214476
1140.660 0.0214518
1141.275 0.0214564
1141.891 0.0214614
1142.508 0.0214667
1143.126 0.0214724
1143.744 0.0214784
1144.363 0.0214848
1144.983 0.0214916
