432.689 0.0447454
433.621 0.0446116
434.552 0.0444791
435.482 0.0443480
436.410 0.0442182
437.337 0.0440897
438.262 0.0439626
439.187 0.0438365
440.110 0.0437118
441.031 0.0435884
441.952 0.0434661
442.871 0.0433450
443.789 0.0432251
444.705 0.0431064
445.621 0.0429887
446.535 0.0428722
447.447 0.0427570
448.359 0.0426426
449.269 0.0425295
450.178 0.0424173
451.086 0.0423062
451.993 0.0421961
452.898 0.0420871
453.803 0.0419790
454.706 0.0418719
455.608 0.0417658
456.508 0.0416608
457.408 0.0415566
458.306 0.0414534
459.204 0.0413510
460.100 0.0412495
460.995 0.0411490
461.888 0.0410495
462.781 0.0409507
463.673 0.0408527
464.563 0.0407557
465.452 0.0406595
466.340 0.0405641
467.228 0.0404695
468.114 0.0403757
468.999 0.0402827
469.882 0.0401907
470.765 0.0400992
471.647 0.0400086
472.528 0.0399187
473.407 0.0398296
474.286 0.0397412
475.163 0.0396537
476.040 0.0395667
476.915 0.0394805
477.790 0.0393950
478.663 0.0393103
479.535 0.0392262
480.407 0.0391427
481.277 0.0390600
482.147 0.0389779
483.015 0.0388965
483.883 0.0388157
484.749 0.0387355
485.615 0.0386560
486.479 0.0385771
487.343 0.0384988
488.206 0.0384211
489.067 0.0383440
489.928 0.0382675
490.788 0.0381915
491.647 0.0381161
492.505 0.0380413
493.362 0.0379671
494.218 0.0378934
495.073 0.0378203
495.928 0.0377476
496.781 0.0376755
497.634 0.0376039
498.486 0.0375329
499.337 0.0374623
500.187 0.0373923
501.036 0.0373228
501.884 0.0372538
502.731 0.0371853
503.578 0.0371173
504.424 0.0370497
505.268 0.0369828
506.113 0.0369161
506.956 0.0368501
507.798 0.0367845
508.640 0.0367193
509.480 0.0366547
510.320 0.0365905
511.160 0.0365267
511.998 0.0364635
512.836 0.0364006
513.672 0.0363383
514.508 0.0362763
515.344 0.0362148
516.178 0.0361537
517.012 0.0360930
517.845 0.0360328
518.677 0.0359730
519.508 0.0359136
520.339 0.0358545
521.169 0.0357959
521.998 0.0357376
522.826 0.0356798
523.654 0.0356223
524.481 0.0355652
525.307 0.0355084
526.133 0.0354520
526.958 0.0353959
527.782 0.0353402
528.605 0.0352848
529.428 0.0352298
530.250 0.0351751
531.072 0.0351206
531.892 0.0350666
532.712 0.0350128
533.532 0.0349594
534.350 0.0349063
535.168 0.0348535
535.986 0.0348009
536.802 0.0347488
537.618 0.0346969
538.434 0.0346453
539.249 0.0345940
540.063 0.0345430
540.876 0.0344924
541.689 0.0344420
542.501 0.0343919
543.313 0.0343422
544.124 0.0342927
544.934 0.0342436
545.744 0.0341948
546.553 0.0341462
547.361 0.0340981
548.169 0.0340502
548.976 0.0340026
549.783 0.0339553
550.589 0.0339083
551.395 0.0338616
552.200 0.0338152
553.004 0.0337692
553.808 0.0337234
554.611 0.0336779
555.414 0.0336327
556.216 0.0335878
557.018 0.0335432
557.819 0.0334989
558.619 0.0334549
559.419 0.0334111
560.218 0.0333676
561.017 0.0333243
561.815 0.0332814
562.613 0.0332386
563.410 0.0331961
564.207 0.0331538
565.003 0.0331118
565.799 0.0330699
566.594 0.0330283
567.388 0.0329870
568.182 0.0329458
568.976 0.0329048
569.769 0.0328639
570.562 0.0328233
571.354 0.0327829
572.145 0.0327426
572.936 0.0327025
573.727 0.0326626
574.517 0.0326228
575.307 0.0325832
576.096 0.0325438
576.885 0.0325045
577.673 0.0324654
578.461 0.0324264
579.248 0.0323876
580.035 0.0323489
580.821 0.0323104
581.607 0.0322720
582.392 0.0322339
583.177 0.0321958
583.962 0.0321580
584.746 0.0321203
585.529 0.0320828
586.313 0.0320454
587.095 0.0320083
587.878 0.0319713
588.660 0.0319345
589.441 0.0318979
590.222 0.0318615
591.003 0.0318253
591.783 0.0317893
592.563 0.0317535
593.342 0.0317180
594.121 0.0316826
594.899 0.0316475
595.678 0.0316126
596.455 0.0315780
597.233 0.0315435
598.009 0.0315094
598.786 0.0314754
599.562 0.0314416
600.338 0.0314081
601.113 0.0313749
601.888 0.0313418
602.663 0.0313090
603.437 0.0312765
604.211 0.0312441
604.984 0.0312120
605.757 0.0311801
606.530 0.0311484
607.302 0.0311169
608.074 0.0310856
608.845 0.0310545
609.616 0.0310236
610.387 0.0309928
611.158 0.0309623
611.928 0.0309319
612.697 0.0309017
613.467 0.0308715
614.236 0.0308416
615.004 0.0308118
615.773 0.0307821
616.541 0.0307525
617.308 0.0307230
618.076 0.0306936
618.843 0.0306643
619.609 0.0306351
620.375 0.0306060
621.141 0.0305769
621.907 0.0305478
622.672 0.0305189
623.437 0.0304900
624.202 0.0304611
624.966 0.0304322
625.730 0.0304034
626.493 0.0303747
627.257 0.0303459
628.020 0.0303172
628.782 0.0302885
629.545 0.0302598
630.307 0.0302312
631.068 0.0302026
631.830 0.0301740
632.591 0.0301454
633.352 0.0301169
634.112 0.0300884
634.872 0.0300599
635.632 0.0300315
636.392 0.0300032
637.151 0.0299749
637.910 0.0299467
638.668 0.0299185
639.427 0.0298904
640.185 0.0298625
640.943 0.0298346
641.700 0.0298068
642.457 0.0297791
643.214 0.0297516
643.971 0.0297242
644.727 0.0296969
645.483 0.0296698
646.239 0.0296428
646.994 0.0296160
647.750 0.0295894
648.505 0.0295629
649.259 0.0295367
650.014 0.0295106
650.768 0.0294847
651.521 0.0294591
652.275 0.0294336
653.028 0.0294084
653.781 0.0293834
654.534 0.0293586
655.286 0.0293341
656.039 0.0293097
656.791 0.0292856
657.542 0.0292618
658.294 0.0292382
659.045 0.0292148
659.796 0.0291916
660.546 0.0291687
661.297 0.0291460
662.047 0.0291235
662.796 0.0291013
663.546 0.0290792
664.295 0.0290574
665.044 0.0290357
665.793 0.0290142
666.542 0.0289929
667.290 0.0289718
668.038 0.0289509
668.786 0.0289301
669.533 0.0289095
670.281 0.0288889
671.028 0.0288685
671.774 0.0288483
672.521 0.0288281
673.267 0.0288080
674.013 0.0287880
674.759 0.0287680
675.505 0.0287481
676.250 0.0287282
676.995 0.0287084
677.740 0.0286886
678.484 0.0286688
679.229 0.0286490
679.973 0.0286292
680.717 0.0286093
681.460 0.0285895
682.204 0.0285695
682.947 0.0285495
683.690 0.0285295
684.433 0.0285094
685.175 0.0284892
685.917 0.0284690
686.659 0.0284486
687.401 0.0284282
688.142 0.0284077
688.884 0.0283870
689.625 0.0283663
690.365 0.0283455
691.106 0.0283246
691.846 0.0283035
692.586 0.0282824
693.326 0.0282612
694.066 0.0282398
694.805 0.0282184
695.545 0.0281969
696.284 0.0281753
697.022 0.0281537
697.761 0.0281319
698.499 0.0281101
699.237 0.0280883
699.975 0.0280663
700.713 0.0280444
701.450 0.0280224
702.187 0.0280004
702.924 0.0279784
703.661 0.0279564
704.397 0.0279344
705.133 0.0279125
705.869 0.0278905
706.605 0.0278686
707.341 0.0278468
708.076 0.0278251
708.811 0.0278034
709.546 0.0277819
710.281 0.0277604
711.015 0.0277391
711.749 0.0277179
712.483 0.0276969
713.217 0.0276760
713.950 0.0276554
714.684 0.0276348
715.417 0.0276145
716.150 0.0275944
716.882 0.0275745
717.615 0.0275548
718.347 0.0275354
719.079 0.0275162
719.811 0.0274972
720.542 0.0274786
721.273 0.0274601
722.005 0.0274419
722.735 0.0274241
723.466 0.0274064
724.196 0.0273891
724.927 0.0273720
725.656 0.0273553
726.386 0.0273388
727.116 0.0273226
727.845 0.0273067
728.574 0.0272910
729.303 0.0272757
730.031 0.0272606
730.760 0.0272457
731.488 0.0272312
732.216 0.0272169
732.944 0.0272029
733.671 0.0271891
734.398 0.0271755
735.125 0.0271622
735.852 0.0271491
736.579 0.0271362
737.305 0.0271235
738.031 0.0271110
738.757 0.0270987
739.483 0.0270865
740.208 0.0270745
740.933 0.0270627
741.658 0.0270509
742.383 0.0270393
743.108 0.0270278
743.832 0.0270164
744.556 0.0270050
745.280 0.0269937
746.004 0.0269824
746.727 0.0269712
747.450 0.0269600
748.173 0.0269488
748.896 0.0269375
749.618 0.0269263
750.340 0.0269150
751.062 0.0269036
751.784 0.0268922
752.506 0.0268807
753.227 0.0268691
753.948 0.0268574
754.669 0.0268455
755.389 0.0268336
756.110 0.0268215
756.830 0.0268092
757.550 0.0267968
758.269 0.0267842
758.989 0.0267714
759.708 0.0267585
760.427 0.0267453
761.146 0.0267320
761.864 0.0267184
762.582 0.0267047
763.300 0.0266907
764.018 0.0266765
764.736 0.0266620
765.453 0.0266474
766.170 0.0266325
766.887 0.0266174
767.603 0.0266021
768.320 0.0265865
769.036 0.0265707
769.751 0.0265547
770.467 0.0265385
771.182 0.0265221
771.897 0.0265054
772.612 0.0264886
773.327 0.0264715
774.041 0.0264543
774.755 0.0264369
775.469 0.0264193
776.183 0.0264015
776.896 0.0263836
777.609 0.0263656
778.322 0.0263474
779.035 0.0263291
779.747 0.0263107
780.459 0.0262921
781.171 0.0262735
781.882 0.0262548
782.594 0.0262361
783.305 0.0262173
784.016 0.0261985
784.726 0.0261796
785.436 0.0261608
786.147 0.0261419
786.856 0.0261231
787.566 0.0261043
788.275 0.0260856
788.984 0.0260669
789.693 0.0260483
790.401 0.0260298
791.110 0.0260114
791.818 0.0259932
792.525 0.0259751
793.233 0.0259571
793.940 0.0259393
794.647 0.0259217
795.353 0.0259042
796.060 0.0258870
796.766 0.0258700
797.472 0.0258532
798.177 0.0258367
798.883 0.0258204
799.588 0.0258043
800.292 0.0257886
800.997 0.0257731
801.701 0.0257579
802.405 0.0257431
803.109 0.0257285
803.812 0.0257142
804.515 0.0257003
805.218 0.0256867
805.921 0.0256734
806.623 0.0256604
807.325 0.0256478
808.027 0.0256356
808.728 0.0256237
809.429 0.0256121
810.130 0.0256009
810.831 0.0255901
811.531 0.0255795
812.231 0.0255694
812.931 0.0255596
813.630 0.0255501
814.330 0.0255410
815.029 0.0255322
815.727 0.0255238
816.426 0.0255157
817.124 0.0255079
817.821 0.0255004
818.519 0.0254933
819.216 0.0254864
819.913 0.0254799
820.609 0.0254736
821.306 0.0254676
822.002 0.0254619
822.697 0.0254565
823.393 0.0254513
824.088 0.0254464
824.783 0.0254416
825.477 0.0254371
826.171 0.0254328
826.865 0.0254287
827.559 0.0254248
828.252 0.0254211
828.945 0.0254175
829.638 0.0254140
830.330 0.0254107
831.023 0.0254074
831.714 0.0254043
832.406 0.0254013
833.097 0.0253983
833.788 0.0253954
834.479 0.0253925
835.169 0.0253897
835.859 0.0253869
836.548 0.0253840
837.238 0.0253812
837.927 0.0253783
838.615 0.0253754
839.304 0.0253724
839.992 0.0253694
840.680 0.0253662
841.367 0.0253630
842.054 0.0253596
842.741 0.0253562
843.428 0.0253525
844.114 0.0253488
844.800 0.0253448
845.485 0.0253407
846.170 0.0253364
846.855 0.0253320
847.540 0.0253272
848.224 0.0253223
848.908 0.0253172
849.592 0.0253118
850.275 0.0253062
850.958 0.0253003
851.641 0.0252941
852.323 0.0252877
853.005 0.0252810
853.687 0.0252741
854.368 0.0252668
855.049 0.0252592
855.730 0.0252514
856.410 0.0252432
857.090 0.0252347
857.769 0.0252260
858.449 0.0252169
859.128 0.0252075
859.806 0.0251978
860.485 0.0251877
861.163 0.0251774
861.840 0.0251667
862.518 0.0251557
863.195 0.0251444
863.871 0.0251328
864.548 0.0251209
865.224 0.0251086
865.899 0.0250961
866.574 0.0250833
867.249 0.0250702
867.924 0.0250567
868.598 0.0250430
869.272 0.0250290
869.946 0.0250148
870.619 0.0250003
871.292 0.0249855
871.964 0.0249704
872.636 0.0249552
873.308 0.0249397
873.979 0.0249239
874.651 0.0249080
875.321 0.0248918
875.992 0.0248755
876.662 0.0248589
877.331 0.0248422
878.001 0.0248253
878.670 0.0248083
879.338 0.0247912
880.007 0.0247738
880.675 0.0247564
881.342 0.0247389
882.009 0.0247213
882.676 0.0247036
883.343 0.0246858
884.009 0.0246679
884.675 0.0246500
885.340 0.0246321
886.005 0.0246142
886.670 0.0245963
887.334 0.0245783
887.998 0.0245604
888.662 0.0245425
889.325 0.0245247
889.988 0.0245069
890.650 0.0244892
891.312 0.0244716
891.974 0.0244541
892.636 0.0244366
893.297 0.0244193
893.957 0.0244022
894.618 0.0243851
895.278 0.0243682
895.937 0.0243515
896.596 0.0243350
897.255 0.0243187
897.914 0.0243025
898.572 0.0242866
899.230 0.0242709
899.887 0.0242554
900.544 0.0242402
901.201 0.0242252
901.857 0.0242105
902.513 0.0241960
903.168 0.0241819
903.823 0.0241680
904.478 0.0241544
905.132 0.0241411
905.786 0.0241281
906.440 0.0241154
907.093 0.0241031
907.746 0.0240911
908.399 0.0240794
909.051 0.0240680
909.703 0.0240570
910.354 0.0240464
911.005 0.0240361
911.656 0.0240262
912.306 0.0240166
912.956 0.0240074
913.605 0.0239985
914.254 0.0239900
914.903 0.0239819
915.551 0.0239742
916.199 0.0239668
916.847 0.0239598
917.494 0.0239531
918.141 0.0239469
918.788 0.0239410
919.434 0.0239355
920.079 0.0239303
920.725 0.0239255
921.370 0.0239211
922.014 0.0239171
922.658 0.0239133
923.302 0.0239100
923.946 0.0239070
924.589 0.0239043
925.231 0.0239020
925.873 0.0239001
926.515 0.0238984
927.157 0.0238971
927.798 0.0238961
928.439 0.0238955
929.079 0.0238951
929.719 0.0238950
930.359 0.0238953
930.998 0.0238958
931.637 0.0238966
932.275 0.0238977
932.913 0.0238990
933.551 0.0239006
934.188 0.0239024
934.825 0.0239045
935.462 0.0239068
936.098 0.0239094
936.733 0.0239121
937.369 0.0239151
938.004 0.0239182
938.638 0.0239215
939.273 0.0239250
939.907 0.0239287
940.540 0.0239325
941.173 0.0239365
941.806 0.0239406
942.438 0.0239448
943.070 0.0239491
943.702 0.0239535
944.333 0.0239581
944.964 0.0239627
945.594 0.0239674
946.224 0.0239721
946.854 0.0239769
947.483 0.0239817
948.112 0.0239866
948.741 0.0239914
949.369 0.0239963
949.996 0.0240012
950.624 0.0240060
951.251 0.0240109
951.878 0.0240157
952.504 0.0240204
953.130 0.0240251
953.755 0.0240297
954.380 0.0240343
955.005 0.0240388
955.629 0.0240431
956.253 0.0240474
956.877 0.0240516
957.500 0.0240556
958.123 0.0240595
958.746 0.0240632
959.368 0.0240668
959.990 0.0240703
960.611 0.0240754
961.232 0.0240803
961.853 0.0240850
962.473 0.0240895
963.093 0.0240938
963.712 0.0240979
964.331 0.0241018
964.950 0.0241055
965.569 0.0241089
966.187 0.0241121
966.804 0.0241150
967.422 0.0241177
968.039 0.0241201
968.655 0.0241223
969.272 0.0241242
969.887 0.0241258
970.503 0.0241272
971.118 0.0241282
971.733 0.0241290
972.347 0.0241295
972.961 0.0241297
973.575 0.0241296
974.188 0.0241292
974.801 0.0241285
975.414 0.0241274
976.026 0.0241261
976.638 0.0241244
977.250 0.0241225
977.861 0.0241202
978.472 0.0241176
979.083 0.0241146
979.693 0.0241114
980.303 0.0241078
980.912 0.0241039
981.521 0.0240997
982.130 0.0240952
982.738 0.0240903
983.346 0.0240851
983.954 0.0240796
984.562 0.0240738
985.169 0.0240676
985.775 0.0240612
986.382 0.0240544
986.988 0.0240473
987.594 0.0240398
988.199 0.0240321
988.804 0.0240241
989.409 0.0240157
990.013 0.0240071
990.617 0.0239981
991.221 0.0239889
991.824 0.0239794
992.427 0.0239695
993.030 0.0239594
993.632 0.0239491
994.234 0.0239384
994.836 0.0239275
995.438 0.0239162
996.039 0.0239048
996.640 0.0238931
997.240 0.0238811
997.840 0.0238689
998.440 0.0238564
999.040 0.0238437
999.639 0.0238308
1000.238 0.0238170
1000.836 0.0238020
1001.435 0.0237868
1002.033 0.0237714
1002.630 0.0237558
1003.228 0.0237400
1003.825 0.0237240
1004.422 0.0237079
1005.018 0.0236916
1005.614 0.0236751
1006.210 0.0236585
1006.806 0.0236417
1007.401 0.0236248
1007.996 0.0236078
1008.591 0.0235906
1009.186 0.0235733
1009.780 0.0235559
1010.374 0.0235384
1010.967 0.0235209
1011.561 0.0235032
1012.154 0.0234855
1012.746 0.0234677
1013.339 0.0234498
1013.931 0.0234319
1014.523 0.0234139
1015.115 0.0233959
1015.706 0.0233779
1016.298 0.0233599
1016.888 0.0233418
1017.479 0.0233237
1018.069 0.0233057
1018.660 0.0232876
1019.250 0.0232696
1019.839 0.0232516
1020.429 0.0232336
1021.018 0.0232157
1021.607 0.0231978
1022.195 0.0231800
1022.784 0.0231622
1023.372 0.0231446
1023.960 0.0231270
1024.547 0.0231095
1025.135 0.0230920
1025.722 0.0230747
1026.309 0.0230575
1026.896 0.0230404
1027.483 0.0230235
1028.069 0.0230066
1028.655 0.0229899
1029.241 0.0229734
1029.827 0.0229570
1030.412 0.0229408
1030.997 0.0229247
1031.582 0.0229088
1032.167 0.0228931
1032.752 0.0228775
1033.336 0.0228622
1033.921 0.0228470
1034.505 0.0228320
1035.089 0.0228173
1035.672 0.0228028
1036.256 0.0227884
1036.839 0.0227744
1037.422 0.0227605
1038.005 0.0227469
1038.588 0.0227335
1039.171 0.0227203
1039.753 0.0227075
1040.335 0.0226948
1040.918 0.0226824
1041.500 0.0226703
1042.081 0.0226585
1042.663 0.0226469
1043.244 0.0226356
1043.826 0.0226245
1044.407 0.0226138
1044.988 0.0226033
1045.569 0.0225931
1046.150 0.0225832
1046.730 0.0225736
1047.311 0.0225643
1047.891 0.0225553
1048.471 0.0225466
1049.052 0.0225382
1049.632 0.0225301
1050.211 0.0225223
1050.791 0.0225149
1051.371 0.0225077
1051.950 0.0225008
1052.530 0.0224943
1053.109 0.0224881
1053.688 0.0224822
1054.268 0.0224766
1054.847 0.0224713
1055.426 0.0224664
1056.005 0.0224617
1056.583 0.0224574
1057.162 0.0224534
1057.741 0.0224497
1058.319 0.0224464
1058.898 0.0224433
1059.476 0.0224406
1060.055 0.0224382
1060.633 0.0224361
1061.211 0.0224343
1061.790 0.0224329
1062.368 0.0224317
1062.946 0.0224309
1063.524 0.0224304
1064.102 0.0224301
1064.680 0.0224302
1065.258 0.0224306
1065.836 0.0224313
1066.414 0.0224323
1066.992 0.0224336
1067.570 0.0224352
1068.148 0.0224371
1068.726 0.0224392
1069.304 0.0224417
1069.882 0.0224444
1070.460 0.0224475
1071.038 0.0224508
1071.616 0.0224543
1072.194 0.0224582
1072.772 0.0224623
1073.350 0.0224667
1073.928 0.0224713
1074.506 0.0224762
1075.084 0.0224813
1075.662 0.0224867
1076.240 0.0224923
1076.819 0.0224982
1077.397 0.0225043
1077.976 0.0225107
1078.554 0.0225172
1079.133 0.0225240
1079.711 0.0225310
1080.290 0.0225382
1080.869 0.0225456
1081.448 0.0225532
1082.027 0.0225610
1082.606 0.0225690
1083.185 0.0225771
1083.764 0.0225855
1084.343 0.0225940
1084.923 0.0226027
1085.502 0.0226115
1086.082 0.0226206
1086.662 0.0226297
1087.242 0.0226390
1087.822 0.0226485
1088.402 0.0226580
1088.983 0.0226677
1089.563 0.0226775
1090.144 0.0226875
1090.725 0.0226975
1091.306 0.0227077
1091.887 0.0227179
1092.469 0.0227282
1093.050 0.0227386
1093.632 0.0227491
1094.214 0.0227597
1094.796 0.0227703
1095.379 0.0227810
1095.961 0.0227917
1096.544 0.0228025
1097.127 0.0228133
1097.710 0.0228241
1098.294 0.0228350
1098.877 0.0228459
1099.461 0.0228568
1100.046 0.0228677
1100.630 0.0228786
1101.215 0.0228895
1101.800 0.0229004
1102.385 0.0229112
1102.970 0.0229220
1103.556 0.0229328
1104.142 0.0229436
1104.728 0.0229543
1105.315 0.0229649
1105.902 0.0229755
1106.489 0.0229861
1107.077 0.0229965
1107.664 0.0230069
1108.253 0.0230172
1108.841 0.0230274
1109.430 0.0230374
1110.019 0.0230474
1110.609 0.0230573
1111.198 0.0230671
1111.789 0.0230767
1112.379 0.0230862
1112.970 0.0230956
1113.561 0.0231048
1114.153 0.0231139
1114.745 0.0231228
1115.338 0.0231316
1115.931 0.0231401
1116.524 0.0231486
1117.117 0.0231568
1117.712 0.0231649
1118.306 0.0231727
1118.901 0.0231804
1119.496 0.0231879
1120.092 0.0231952
1120.689 0.0232022
1121.285 0.0232091
1121.882 0.0232157
1122.480 0.0232221
1123.078 0.0232282
1123.677 0.0232342
1124.276 0.0232398
1124.875 0.0232453
1125.476 0.0232505
1126.076 0.0232554
1126.677 0.0232600
1127.279 0.0232644
1127.881 0.0232686
1128.484 0.0232724
1129.087 0.0232760
1129.691 0.0232793
1130.295 0.0232823
1130.900 0.0232850
1131.505 0.0232875
1132.111 0.0232896
1132.718 0.0232914
1133.325 0.0232929
1133.933 0.0232941
1134.541 0.0232950
1135.150 0.0232956
1135.760 0.0232959
1136.370 0.0232959
1136.981 0.0232955
1137.592 0.0232948
1138.204 0.0232937
1138.817 0.0232924
1139.431 0.0232907
1140.045 0.0232887
1140.660 0.0232863
1141.275 0.0232836
1141.891 0.0232805
1142.508 0.0232771
1143.126 0.0232734
1143.744 0.0232693
1144.363 0.0232649
1144.983 0.0232601
