432.689 0.0445593
433.621 0.0444263
434.552 0.0442946
435.482 0.0441642
436.410 0.0440353
437.337 0.0439075
438.262 0.0437812
439.187 0.0436559
440.110 0.0435319
441.031 0.0434093
441.952 0.0432877
442.871 0.0431674
443.789 0.0430482
444.705 0.0429303
445.621 0.0428133
446.535 0.0426975
447.447 0.0425830
448.359 0.0424693
449.269 0.0423569
450.178 0.0422455
451.086 0.0421350
451.993 0.0420256
452.898 0.0419173
453.803 0.0418099
454.706 0.0417035
455.608 0.0415981
456.508 0.0414937
457.408 0.0413901
458.306 0.0412876
459.204 0.0411858
460.100 0.0410851
460.995 0.0409852
461.888 0.0408863
462.781 0.0407881
463.673 0.0406908
464.563 0.0405944
465.452 0.0404988
466.340 0.0404041
467.228 0.0403100
468.114 0.0402169
468.999 0.0401245
469.882 0.0400330
470.765 0.0399422
471.647 0.0398521
472.528 0.0397628
473.407 0.0396744
474.286 0.0395865
475.163 0.0394995
476.040 0.0394131
476.915 0.0393275
477.790 0.0392426
478.663 0.0391584
479.535 0.0390749
480.407 0.0389919
481.277 0.0389098
482.147 0.0388282
483.015 0.0387473
483.883 0.0386670
484.749 0.0385875
485.615 0.0385084
486.479 0.0384301
487.343 0.0383523
488.206 0.0382751
489.067 0.0381986
489.928 0.0381226
490.788 0.0380471
491.647 0.0379723
492.505 0.0378980
493.362 0.0378242
494.218 0.0377510
495.073 0.0376784
495.928 0.0376062
496.781 0.0375347
497.634 0.0374636
498.486 0.0373930
499.337 0.0373229
500.187 0.0372534
501.036 0.0371844
501.884 0.0371158
502.731 0.0370478
503.578 0.0369802
504.424 0.0369131
505.268 0.0368466
506.113 0.0367804
506.956 0.0367148
507.798 0.0366497
508.640 0.0365850
509.480 0.0365208
510.320 0.0364570
511.160 0.0363936
511.998 0.0363308
512.836 0.0362684
513.672 0.0362064
514.508 0.0361449
515.344 0.0360838
516.178 0.0360231
517.012 0.0359629
517.845 0.0359030
518.677 0.0358436
519.508 0.0357846
520.339 0.0357260
521.169 0.0356678
521.998 0.0356099
522.826 0.0355525
523.654 0.0354954
524.481 0.0354387
525.307 0.0353824
526.133 0.0353263
526.958 0.0352707
527.782 0.0352154
528.605 0.0351604
529.428 0.0351058
530.250 0.0350515
531.072 0.0349975
531.892 0.0349438
532.712 0.0348905
533.532 0.0348374
534.350 0.0347847
535.168 0.0347323
535.986 0.0346802
536.802 0.0346284
537.618 0.0345769
538.434 0.0345256
539.249 0.0344747
540.063 0.0344241
540.876 0.0343738
541.689 0.0343238
542.501 0.0342741
543.313 0.0342247
544.124 0.0341756
544.934 0.0341268
545.744 0.0340782
546.553 0.0340300
547.361 0.0339822
548.169 0.0339346
548.976 0.0338873
549.783 0.0338403
550.589 0.0337936
551.395 0.0337472
552.200 0.0337011
553.004 0.0336553
553.808 0.0336098
554.611 0.0335647
555.414 0.0335198
556.216 0.0334752
557.018 0.0334308
557.819 0.0333868
558.619 0.0333430
559.419 0.0332996
560.218 0.0332564
561.017 0.0332134
561.815 0.0331707
562.613 0.0331283
563.410 0.0330861
564.207 0.0330441
565.003 0.0330024
565.799 0.0329609
566.594 0.0329196
567.388 0.0328786
568.182 0.0328377
568.976 0.0327971
569.769 0.0327566
570.562 0.0327163
571.354 0.0326762
572.145 0.0326364
572.936 0.0325966
573.727 0.0325570
574.517 0.0325176
575.307 0.0324784
576.096 0.0324393
576.885 0.0324003
577.673 0.0323616
578.461 0.0323229
579.248 0.0322845
580.035 0.0322461
580.821 0.0322080
581.607 0.0321700
582.392 0.0321321
583.177 0.0320944
583.962 0.0320568
584.746 0.0320194
585.529 0.0319822
586.313 0.0319451
587.095 0.0319082
587.878 0.0318715
588.660 0.0318349
589.441 0.0317986
590.222 0.0317624
591.003 0.0317264
591.783 0.0316907
592.563 0.0316551
593.342 0.0316197
594.121 0.0315845
594.899 0.0315496
595.678 0.0315149
596.455 0.0314804
597.233 0.0314461
598.009 0.0314121
598.786 0.0313782
599.562 0.0313446
600.338 0.0313113
601.113 0.0312781
601.888 0.0312452
602.663 0.0312126
603.437 0.0311801
604.211 0.0311479
604.984 0.0311160
605.757 0.0310842
606.530 0.0310526
607.302 0.0310213
608.074 0.0309902
608.845 0.0309593
609.616 0.0309286
610.387 0.0308980
611.158 0.0308677
611.928 0.0308375
612.697 0.0308075
613.467 0.0307776
614.236 0.0307479
615.004 0.0307184
615.773 0.0306889
616.541 0.0306596
617.308 0.0306305
618.076 0.0306013
618.843 0.0305724
619.609 0.0305435
620.375 0.0305147
621.141 0.0304859
621.907 0.0304573
622.672 0.0304287
623.437 0.0304001
624.202 0.0303716
624.966 0.0303431
625.730 0.0303147
626.493 0.0302863
627.257 0.0302579
628.020 0.0302295
628.782 0.0302012
629.545 0.0301729
630.307 0.0301446
631.068 0.0301164
631.830 0.0300881
632.591 0.0300599
633.352 0.0300317
634.112 0.0300036
634.872 0.0299755
635.632 0.0299474
636.392 0.0299193
637.151 0.0298913
637.910 0.0298633
638.668 0.0298354
639.427 0.0298076
640.185 0.0297798
640.943 0.0297521
641.700 0.0297246
642.457 0.0296971
643.214 0.0296697
643.971 0.0296424
644.727 0.0296152
645.483 0.0295882
646.239 0.0295613
646.994 0.0295346
647.750 0.0295080
648.505 0.0294816
649.259 0.0294554
650.014 0.0294293
650.768 0.0294035
651.521 0.0293778
652.275 0.0293524
653.028 0.0293271
653.781 0.0293021
654.534 0.0292773
655.286 0.0292527
656.039 0.0292283
656.791 0.0292042
657.542 0.0291803
658.294 0.0291566
659.045 0.0291332
659.796 0.0291100
660.546 0.0290870
661.297 0.0290643
662.047 0.0290417
662.796 0.0290195
663.546 0.0289974
664.295 0.0289755
665.044 0.0289539
665.793 0.0289325
666.542 0.0289112
667.290 0.0288901
668.038 0.0288693
668.786 0.0288485
669.533 0.0288280
670.281 0.0288076
671.028 0.0287873
671.774 0.0287672
672.521 0.0287472
673.267 0.0287273
674.013 0.0287075
674.759 0.0286878
675.505 0.0286681
676.250 0.0286485
676.995 0.0286290
677.740 0.0286095
678.484 0.0285900
679.229 0.0285705
679.973 0.0285511
680.717 0.0285316
681.460 0.0285121
682.204 0.0284926
682.947 0.0284730
683.690 0.0284534
684.433 0.0284338
685.175 0.0284141
685.917 0.0283943
686.659 0.0283744
687.401 0.0283544
688.142 0.0283344
688.884 0.0283142
689.625 0.0282940
690.365 0.0282736
691.106 0.0282532
691.846 0.0282326
692.586 0.0282120
693.326 0.0281912
694.066 0.0281703
694.805 0.0281494
695.545 0.0281283
696.284 0.0281071
697.022 0.0280859
697.761 0.0280645
698.499 0.0280431
699.237 0.0280216
699.975 0.0280000
700.713 0.0279784
701.450 0.0279567
702.187 0.0279350
702.924 0.0279133
703.661 0.0278915
704.397 0.0278697
705.133 0.0278480
705.869 0.0278262
706.605 0.0278045
707.341 0.0277827
708.076 0.0277611
708.811 0.0277395
709.546 0.0277180
710.281 0.0276966
711.015 0.0276753
711.749 0.0276541
712.483 0.0276330
713.217 0.0276120
713.950 0.0275913
714.684 0.0275706
715.417 0.0275501
716.150 0.0275299
716.882 0.0275098
717.615 0.0274899
718.347 0.0274703
719.079 0.0274508
719.811 0.0274316
720.542 0.0274127
721.273 0.0273940
722.005 0.0273755
722.735 0.0273574
723.466 0.0273395
724.196 0.0273218
724.927 0.0273044
725.656 0.0272874
726.386 0.0272706
727.116 0.0272541
727.845 0.0272378
728.574 0.0272219
729.303 0.0272062
730.031 0.0271909
730.760 0.0271758
731.488 0.0271609
732.216 0.0271464
732.944 0.0271321
733.671 0.0271181
734.398 0.0271043
735.125 0.0270908
735.852 0.0270775
736.579 0.0270645
737.305 0.0270517
738.031 0.0270391
738.757 0.0270266
739.483 0.0270144
740.208 0.0270024
740.933 0.0269905
741.658 0.0269788
742.383 0.0269672
743.108 0.0269557
743.832 0.0269444
744.556 0.0269332
745.280 0.0269220
746.004 0.0269109
746.727 0.0268999
747.450 0.0268889
748.173 0.0268780
748.896 0.0268670
749.618 0.0268561
750.340 0.0268451
751.062 0.0268341
751.784 0.0268231
752.506 0.0268120
753.227 0.0268009
753.948 0.0267896
754.669 0.0267783
755.389 0.0267669
756.110 0.0267553
756.830 0.0267436
757.550 0.0267317
758.269 0.0267197
758.989 0.0267076
759.708 0.0266952
760.427 0.0266827
761.146 0.0266700
761.864 0.0266571
762.582 0.0266440
763.300 0.0266307
764.018 0.0266172
764.736 0.0266034
765.453 0.0265894
766.170 0.0265753
766.887 0.0265608
767.603 0.0265462
768.320 0.0265313
769.036 0.0265162
769.751 0.0265008
770.467 0.0264853
771.182 0.0264695
771.897 0.0264535
772.612 0.0264372
773.327 0.0264208
774.041 0.0264041
774.755 0.0263873
775.469 0.0263702
776.183 0.0263530
776.896 0.0263356
777.609 0.0263180
778.322 0.0263003
779.035 0.0262824
779.747 0.0262644
780.459 0.0262462
781.171 0.0262279
781.882 0.0262096
782.594 0.0261911
783.305 0.0261726
784.016 0.0261540
784.726 0.0261353
785.436 0.0261166
786.147 0.0260979
786.856 0.0260792
787.566 0.0260604
788.275 0.0260417
788.984 0.0260231
789.693 0.0260044
790.401 0.0259859
791.110 0.0259674
791.818 0.0259490
792.525 0.0259307
793.233 0.0259126
793.940 0.0258945
794.647 0.0258767
795.353 0.0258590
796.060 0.0258414
796.766 0.0258241
797.472 0.0258069
798.177 0.0257900
798.883 0.0257733
799.588 0.0257568
800.292 0.0257406
800.997 0.0257247
801.701 0.0257090
802.405 0.0256936
803.109 0.0256785
803.812 0.0256637
804.515 0.0256492
805.218 0.0256350
805.921 0.0256211
806.623 0.0256075
807.325 0.0255943
808.027 0.0255815
808.728 0.0255689
809.429 0.0255568
810.130 0.0255449
810.831 0.0255334
811.531 0.0255223
812.231 0.0255115
812.931 0.0255011
813.630 0.0254910
814.330 0.0254813
815.029 0.0254719
815.727 0.0254629
816.426 0.0254542
817.124 0.0254458
817.821 0.0254378
818.519 0.0254301
819.216 0.0254228
819.913 0.0254157
820.609 0.0254090
821.306 0.0254025
822.002 0.0253964
822.697 0.0253906
823.393 0.0253850
824.088 0.0253797
824.783 0.0253746
825.477 0.0253698
826.171 0.0253652
826.865 0.0253609
827.559 0.0253567
828.252 0.0253528
828.945 0.0253490
829.638 0.0253454
830.330 0.0253420
831.023 0.0253387
831.714 0.0253355
832.406 0.0253325
833.097 0.0253296
833.788 0.0253267
834.479 0.0253240
835.169 0.0253213
835.859 0.0253186
836.548 0.0253160
837.238 0.0253134
837.927 0.0253108
838.615 0.0253082
839.304 0.0253055
839.992 0.0253028
840.680 0.0253001
841.367 0.0252973
842.054 0.0252944
842.741 0.0252914
843.428 0.0252883
844.114 0.0252851
844.800 0.0252818
845.485 0.0252783
846.170 0.0252746
846.855 0.0252708
847.540 0.0252668
848.224 0.0252626
848.908 0.0252582
849.592 0.0252536
850.275 0.0252487
850.958 0.0252436
851.641 0.0252383
852.323 0.0252327
853.005 0.0252269
853.687 0.0252207
854.368 0.0252144
855.049 0.0252077
855.730 0.0252007
856.410 0.0251935
857.090 0.0251859
857.769 0.0251781
858.449 0.0251699
859.128 0.0251614
859.806 0.0251527
860.485 0.0251435
861.163 0.0251341
861.840 0.0251244
862.518 0.0251143
863.195 0.0251040
863.871 0.0250933
864.548 0.0250823
865.224 0.0250709
865.899 0.0250593
866.574 0.0250473
867.249 0.0250351
867.924 0.0250225
868.598 0.0250097
869.272 0.0249965
869.946 0.0249830
870.619 0.0249693
871.292 0.0249553
871.964 0.0249410
872.636 0.0249265
873.308 0.0249117
873.979 0.0248966
874.651 0.0248813
875.321 0.0248658
875.992 0.0248501
876.662 0.0248341
877.331 0.0248180
878.001 0.0248016
878.670 0.0247851
879.338 0.0247684
880.007 0.0247515
880.675 0.0247345
881.342 0.0247173
882.009 0.0247000
882.676 0.0246826
883.343 0.0246651
884.009 0.0246475
884.675 0.0246298
885.340 0.0246121
886.005 0.0245943
886.670 0.0245765
887.334 0.0245586
887.998 0.0245407
888.662 0.0245229
889.325 0.0245050
889.988 0.0244871
890.650 0.0244693
891.312 0.0244516
891.974 0.0244339
892.636 0.0244162
893.297 0.0243987
893.957 0.0243813
894.618 0.0243639
895.278 0.0243467
895.937 0.0243297
896.596 0.0243128
897.255 0.0242960
897.914 0.0242794
898.572 0.0242630
899.230 0.0242468
899.887 0.0242308
900.544 0.0242150
901.201 0.0241994
901.857 0.0241841
902.513 0.0241690
903.168 0.0241542
903.823 0.0241396
904.478 0.0241253
905.132 0.0241113
905.786 0.0240975
906.440 0.0240841
907.093 0.0240710
907.746 0.0240582
908.399 0.0240457
909.051 0.0240335
909.703 0.0240216
910.354 0.0240101
911.005 0.0239990
911.656 0.0239881
912.306 0.0239777
912.956 0.0239676
913.605 0.0239578
914.254 0.0239484
914.903 0.0239394
915.551 0.0239307
916.199 0.0239224
916.847 0.0239145
917.494 0.0239069
918.141 0.0238997
918.788 0.0238929
919.434 0.0238865
920.079 0.0238804
920.725 0.0238747
921.370 0.0238694
922.014 0.0238644
922.658 0.0238598
923.302 0.0238556
923.946 0.0238517
924.589 0.0238482
925.231 0.0238451
925.873 0.0238423
926.515 0.0238398
927.157 0.0238377
927.798 0.0238359
928.439 0.0238345
929.079 0.0238333
929.719 0.0238325
930.359 0.0238320
930.998 0.0238319
931.637 0.0238320
932.275 0.0238324
932.913 0.0238331
933.551 0.0238341
934.188 0.0238354
934.825 0.0238369
935.462 0.0238387
936.098 0.0238407
936.733 0.0238429
937.369 0.0238454
938.004 0.0238482
938.638 0.0238511
939.273 0.0238542
939.907 0.0238575
940.540 0.0238610
941.173 0.0238647
941.806 0.0238685
942.438 0.0238725
943.070 0.0238767
943.702 0.0238809
944.333 0.0238853
944.964 0.0238898
945.594 0.0238944
946.224 0.0238991
946.854 0.0239039
947.483 0.0239087
948.112 0.0239136
948.741 0.0239186
949.369 0.0239236
949.996 0.0239286
950.624 0.0239336
951.251 0.0239387
951.878 0.0239437
952.504 0.0239487
953.130 0.0239537
953.755 0.0239587
954.380 0.0239636
955.005 0.0239684
955.629 0.0239732
956.253 0.0239779
956.877 0.0239826
957.500 0.0239871
958.123 0.0239915
958.746 0.0239958
959.368 0.0240000
959.990 0.0240041
960.611 0.0240097
961.232 0.0240153
961.853 0.0240207
962.473 0.0240259
963.093 0.0240309
963.712 0.0240357
964.331 0.0240404
964.950 0.0240448
965.569 0.0240491
966.187 0.0240531
966.804 0.0240568
967.422 0.0240604
968.039 0.0240637
968.655 0.0240668
969.272 0.0240696
969.887 0.0240721
970.503 0.0240744
971.118 0.0240765
971.733 0.0240782
972.347 0.0240797
972.961 0.0240809
973.575 0.0240818
974.188 0.0240824
974.801 0.0240827
975.414 0.0240827
976.026 0.0240824
976.638 0.0240818
977.250 0.0240809
977.861 0.0240797
978.472 0.0240782
979.083 0.0240763
979.693 0.0240742
980.303 0.0240717
980.912 0.0240689
981.521 0.0240657
982.130 0.0240623
982.738 0.0240585
983.346 0.0240544
983.954 0.0240500
984.562 0.0240452
985.169 0.0240402
985.775 0.0240348
986.382 0.0240291
986.988 0.0240230
987.594 0.0240167
988.199 0.0240100
988.804 0.0240030
989.409 0.0239957
990.013 0.0239881
990.617 0.0239802
991.221 0.0239719
991.824 0.0239634
992.427 0.0239545
993.030 0.0239454
993.632 0.0239360
994.234 0.0239263
994.836 0.0239162
995.438 0.0239060
996.039 0.0238954
996.640 0.0238845
997.240 0.0238734
997.840 0.0238621
998.440 0.0238504
999.040 0.0238386
999.639 0.0238264
1000.238 0.0238134
1000.836 0.0237992
1001.435 0.0237847
1002.033 0.0237700
1002.630 0.0237551
1003.228 0.0237400
1003.825 0.0237247
1004.422 0.0237092
1005.018 0.0236935
1005.614 0.0236776
1006.210 0.0236615
1006.806 0.0236453
1007.401 0.0236289
1007.996 0.0236124
1008.591 0.0235957
1009.186 0.0235788
1009.780 0.0235618
1010.374 0.0235447
1010.967 0.0235275
1011.561 0.0235102
1012.154 0.0234928
1012.746 0.0234753
1013.339 0.0234576
1013.931 0.0234400
1014.523 0.0234222
1015.115 0.0234044
1015.706 0.0233865
1016.298 0.0233685
1016.888 0.0233506
1017.479 0.0233326
1018.069 0.0233146
1018.660 0.0232965
1019.250 0.0232785
1019.839 0.0232604
1020.429 0.0232424
1021.018 0.0232244
1021.607 0.0232063
1022.195 0.0231884
1022.784 0.0231704
1023.372 0.0231526
1023.960 0.0231347
1024.547 0.0231170
1025.135 0.0230993
1025.722 0.0230816
1026.309 0.0230641
1026.896 0.0230467
1027.483 0.0230293
1028.069 0.0230121
1028.655 0.0229949
1029.241 0.0229779
1029.827 0.0229610
1030.412 0.0229443
1030.997 0.0229277
1031.582 0.0229113
1032.167 0.0228950
1032.752 0.0228788
1033.336 0.0228629
1033.921 0.0228470
1034.505 0.0228314
1035.089 0.0228160
1035.672 0.0228008
1036.256 0.0227857
1036.839 0.0227709
1037.422 0.0227563
1038.005 0.0227419
1038.588 0.0227277
1039.171 0.0227138
1039.753 0.0227000
1040.335 0.0226866
1040.918 0.0226733
1041.500 0.0226603
1042.081 0.0226476
1042.663 0.0226351
1043.244 0.0226228
1043.826 0.0226109
1044.407 0.0225992
1044.988 0.0225877
1045.569 0.0225766
1046.150 0.0225657
1046.730 0.0225551
1047.311 0.0225448
1047.891 0.0225348
1048.471 0.0225251
1049.052 0.0225156
1049.632 0.0225065
1050.211 0.0224977
1050.791 0.0224892
1051.371 0.0224809
1051.950 0.0224730
1052.530 0.0224654
1053.109 0.0224581
1053.688 0.0224511
1054.268 0.0224445
1054.847 0.0224381
1055.426 0.0224321
1056.005 0.0224264
1056.583 0.0224210
1057.162 0.0224159
1057.741 0.0224111
1058.319 0.0224067
1058.898 0.0224025
1059.476 0.0223987
1060.055 0.0223952
1060.633 0.0223921
1061.211 0.0223892
1061.790 0.0223867
1062.368 0.0223845
1062.946 0.0223826
1063.524 0.0223810
1064.102 0.0223797
1064.680 0.0223787
1065.258 0.0223781
1065.836 0.0223778
1066.414 0.0223777
1066.992 0.0223780
1067.570 0.0223786
1068.148 0.0223795
1068.726 0.0223807
1069.304 0.0223822
1069.882 0.0223840
1070.460 0.0223860
1071.038 0.0223884
1071.616 0.0223910
1072.194 0.0223940
1072.772 0.0223972
1073.350 0.0224007
1073.928 0.0224044
1074.506 0.0224085
1075.084 0.0224128
1075.662 0.0224173
1076.240 0.0224222
1076.819 0.0224272
1077.397 0.0224326
1077.976 0.0224382
1078.554 0.0224440
1079.133 0.0224500
1079.711 0.0224563
1080.290 0.0224628
1080.869 0.0224696
1081.448 0.0224765
1082.027 0.0224837
1082.606 0.0224911
1083.185 0.0224987
1083.764 0.0225065
1084.343 0.0225144
1084.923 0.0225226
1085.502 0.0225310
1086.082 0.0225395
1086.662 0.0225482
1087.242 0.0225571
1087.822 0.0225661
1088.402 0.0225753
1088.983 0.0225846
1089.563 0.0225941
1090.144 0.0226037
1090.725 0.0226134
1091.306 0.0226233
1091.887 0.0226333
1092.469 0.0226434
1093.050 0.0226536
1093.632 0.0226639
1094.214 0.0226743
1094.796 0.0226848
1095.379 0.0226954
1095.961 0.0227060
1096.544 0.0227167
1097.127 0.0227275
1097.710 0.0227383
1098.294 0.0227492
1098.877 0.0227601
1099.461 0.0227711
1100.046 0.0227821
1100.630 0.0227931
1101.215 0.0228042
1101.800 0.0228152
1102.385 0.0228262
1102.970 0.0228373
1103.556 0.0228483
1104.142 0.0228593
1104.728 0.0228703
1105.315 0.0228813
1105.902 0.0228922
1106.489 0.0229031
1107.077 0.0229139
1107.664 0.0229247
1108.253 0.0229354
1108.841 0.0229461
1109.430 0.0229566
1110.019 0.0229671
1110.609 0.0229775
1111.198 0.0229878
1111.789 0.0229980
1112.379 0.0230081
1112.970 0.0230181
1113.561 0.0230280
1114.153 0.0230377
1114.745 0.0230473
1115.338 0.0230568
1115.931 0.0230661
1116.524 0.0230752
1117.117 0.0230842
1117.712 0.0230931
1118.306 0.0231018
1118.901 0.0231103
1119.496 0.0231186
1120.092 0.0231267
1120.689 0.0231347
1121.285 0.0231424
1121.882 0.0231499
1122.480 0.0231573
1123.078 0.0231644
1123.677 0.0231713
1124.276 0.0231779
1124.875 0.0231844
1125.476 0.0231906
1126.076 0.0231966
1126.677 0.0232023
1127.279 0.0232077
1127.881 0.0232129
1128.484 0.0232179
1129.087 0.0232226
1129.691 0.0232270
1130.295 0.0232312
1130.900 0.0232350
1131.505 0.0232386
1132.111 0.0232419
1132.718 0.0232449
1133.325 0.0232476
1133.933 0.0232500
1134.541 0.0232522
1135.150 0.0232540
1135.760 0.0232555
1136.370 0.0232567
1136.981 0.0232575
1137.592 0.0232581
1138.204 0.0232583
1138.817 0.0232582
1139.431 0.0232578
1140.045 0.0232570
1140.660 0.0232559
1141.275 0.0232545
1141.891 0.0232528
1142.508 0.0232507
1143.126 0.0232482
1143.744 0.0232454
1144.363 0.0232423
1144.983 0.0232388
