432.689 0.0457755
433.621 0.0456374
434.552 0.0455006
435.482 0.0453652
436.410 0.0452312
437.337 0.0450984
438.262 0.0449671
439.187 0.0448369
440.110 0.0447081
441.031 0.0445806
441.952 0.0444542
442.871 0.0443291
443.789 0.0442052
444.705 0.0440825
445.621 0.0439609
446.535 0.0438405
447.447 0.0437213
448.359 0.0436031
449.269 0.0434861
450.178 0.0433701
451.086 0.0432552
451.993 0.0431413
452.898 0.0430286
453.803 0.0429167
454.706 0.0428060
455.608 0.0426962
456.508 0.0425875
457.408 0.0424797
458.306 0.0423729
459.204 0.0422669
460.100 0.0421620
460.995 0.0420580
461.888 0.0419550
462.781 0.0418527
463.673 0.0417514
464.563 0.0416510
465.452 0.0415515
466.340 0.0414528
467.228 0.0413548
468.114 0.0412578
468.999 0.0411616
469.882 0.0410663
470.765 0.0409716
471.647 0.0408778
472.528 0.0407847
473.407 0.0406925
474.286 0.0406009
475.163 0.0405102
476.040 0.0404201
476.915 0.0403309
477.790 0.0402422
478.663 0.0401544
479.535 0.0400672
480.407 0.0399807
481.277 0.0398949
482.147 0.0398097
483.015 0.0397253
483.883 0.0396415
484.749 0.0395584
485.615 0.0394758
486.479 0.0393940
487.343 0.0393127
488.206 0.0392321
489.067 0.0391521
489.928 0.0390727
490.788 0.0389939
491.647 0.0389157
492.505 0.0388381
493.362 0.0387611
494.218 0.0386847
495.073 0.0386089
495.928 0.0385336
496.781 0.0384589
497.634 0.0383847
498.486 0.0383110
499.337 0.0382380
500.187 0.0381654
501.036 0.0380935
501.884 0.0380220
502.731 0.0379511
503.578 0.0378806
504.424 0.0378107
505.268 0.0377413
506.113 0.0376723
506.956 0.0376039
507.798 0.0375360
508.640 0.0374684
509.480 0.0374015
510.320 0.0373349
511.160 0.0372688
511.998 0.0372032
512.836 0.0371379
513.672 0.0370732
514.508 0.0370089
515.344 0.0369449
516.178 0.0368815
517.012 0.0368184
517.845 0.0367557
518.677 0.0366934
519.508 0.0366316
520.339 0.0365701
521.169 0.0365090
521.998 0.0364484
522.826 0.0363881
523.654 0.0363282
524.481 0.0362686
525.307 0.0362095
526.133 0.0361506
526.958 0.0360922
527.782 0.0360341
528.605 0.0359765
529.428 0.0359191
530.250 0.0358622
531.072 0.0358055
531.892 0.0357493
532.712 0.0356934
533.532 0.0356378
534.350 0.0355827
535.168 0.0355278
535.986 0.0354733
536.802 0.0354192
537.618 0.0353654
538.434 0.0353119
539.249 0.0352588
540.063 0.0352061
540.876 0.0351537
541.689 0.0351016
542.501 0.0350499
543.313 0.0349985
544.124 0.0349474
544.934 0.0348967
545.744 0.0348462
546.553 0.0347961
547.361 0.0347464
548.169 0.0346969
548.976 0.0346477
549.783 0.0345988
550.589 0.0345503
551.395 0.0345020
552.200 0.0344540
553.004 0.0344063
553.808 0.0343589
554.611 0.0343117
555.414 0.0342648
556.216 0.0342182
557.018 0.0341718
557.819 0.0341257
558.619 0.0340798
559.419 0.0340342
560.218 0.0339888
561.017 0.0339436
561.815 0.0338986
562.613 0.0338539
563.410 0.0338094
564.207 0.0337651
565.003 0.0337210
565.799 0.0336771
566.594 0.0336334
567.388 0.0335900
568.182 0.0335467
568.976 0.0335036
569.769 0.0334607
570.562 0.0334180
571.354 0.0333755
572.145 0.0333333
572.936 0.0332912
573.727 0.0332492
574.517 0.0332075
575.307 0.0331660
576.096 0.0331247
576.885 0.0330835
577.673 0.0330426
578.461 0.0330019
579.248 0.0329614
580.035 0.0329211
580.821 0.0328810
581.607 0.0328411
582.392 0.0328014
583.177 0.0327620
583.962 0.0327227
584.746 0.0326837
585.529 0.0326449
586.313 0.0326063
587.095 0.0325680
587.878 0.0325299
588.660 0.0324920
589.441 0.0324544
590.222 0.0324170
591.003 0.0323798
591.783 0.0323428
592.563 0.0323061
593.342 0.0322697
594.121 0.0322334
594.899 0.0321974
595.678 0.0321616
596.455 0.0321261
597.233 0.0320908
598.009 0.0320557
598.786 0.0320208
599.562 0.0319861
600.338 0.0319517
601.113 0.0319175
601.888 0.0318834
602.663 0.0318496
603.437 0.0318159
604.211 0.0317825
604.984 0.0317492
605.757 0.0317161
606.530 0.0316832
607.302 0.0316505
608.074 0.0316179
608.845 0.0315854
609.616 0.0315532
610.387 0.0315210
611.158 0.0314889
611.928 0.0314570
612.697 0.0314253
613.467 0.0313936
614.236 0.0313620
615.004 0.0313306
615.773 0.0312992
616.541 0.0312679
617.308 0.0312368
618.076 0.0312056
618.843 0.0311746
619.609 0.0311437
620.375 0.0311128
621.141 0.0310820
621.907 0.0310512
622.672 0.0310205
623.437 0.0309899
624.202 0.0309593
624.966 0.0309287
625.730 0.0308983
626.493 0.0308679
627.257 0.0308375
628.020 0.0308072
628.782 0.0307769
629.545 0.0307467
630.307 0.0307166
631.068 0.0306866
631.830 0.0306566
632.591 0.0306266
633.352 0.0305968
634.112 0.0305671
634.872 0.0305374
635.632 0.0305078
636.392 0.0304783
637.151 0.0304489
637.910 0.0304196
638.668 0.0303905
639.427 0.0303614
640.185 0.0303325
640.943 0.0303037
641.700 0.0302751
642.457 0.0302466
643.214 0.0302182
643.971 0.0301900
644.727 0.0301620
645.483 0.0301341
646.239 0.0301064
646.994 0.0300789
647.750 0.0300515
648.505 0.0300244
649.259 0.0299974
650.014 0.0299706
650.768 0.0299441
651.521 0.0299177
652.275 0.0298916
653.028 0.0298656
653.781 0.0298399
654.534 0.0298144
655.286 0.0297891
656.039 0.0297639
656.791 0.0297390
657.542 0.0297144
658.294 0.0296899
659.045 0.0296656
659.796 0.0296416
660.546 0.0296178
661.297 0.0295941
662.047 0.0295706
662.796 0.0295474
663.546 0.0295243
664.295 0.0295015
665.044 0.0294788
665.793 0.0294562
666.542 0.0294338
667.290 0.0294116
668.038 0.0293896
668.786 0.0293677
669.533 0.0293459
670.281 0.0293242
671.028 0.0293027
671.774 0.0292813
672.521 0.0292600
673.267 0.0292388
674.013 0.0292177
674.759 0.0291966
675.505 0.0291756
676.250 0.0291547
676.995 0.0291338
677.740 0.0291130
678.484 0.0290922
679.229 0.0290714
679.973 0.0290506
680.717 0.0290299
681.460 0.0290091
682.204 0.0289883
682.947 0.0289676
683.690 0.0289468
684.433 0.0289259
685.175 0.0289051
685.917 0.0288842
686.659 0.0288632
687.401 0.0288422
688.142 0.0288212
688.884 0.0288001
689.625 0.0287789
690.365 0.0287577
691.106 0.0287363
691.846 0.0287150
692.586 0.0286935
693.326 0.0286720
694.066 0.0286504
694.805 0.0286288
695.545 0.0286070
696.284 0.0285852
697.022 0.0285634
697.761 0.0285414
698.499 0.0285194
699.237 0.0284974
699.975 0.0284753
700.713 0.0284531
701.450 0.0284309
702.187 0.0284087
702.924 0.0283865
703.661 0.0283642
704.397 0.0283419
705.133 0.0283196
705.869 0.0282973
706.605 0.0282749
707.341 0.0282526
708.076 0.0282304
708.811 0.0282081
709.546 0.0281859
710.281 0.0281638
711.015 0.0281417
711.749 0.0281196
712.483 0.0280977
713.217 0.0280758
713.950 0.0280540
714.684 0.0280323
715.417 0.0280108
716.150 0.0279893
716.882 0.0279681
717.615 0.0279469
718.347 0.0279259
719.079 0.0279050
719.811 0.0278843
720.542 0.0278638
721.273 0.0278435
722.005 0.0278233
722.735 0.0278034
723.466 0.0277836
724.196 0.0277641
724.927 0.0277448
725.656 0.0277257
726.386 0.0277068
727.116 0.0276882
727.845 0.0276698
728.574 0.0276516
729.303 0.0276337
730.031 0.0276160
730.760 0.0275986
731.488 0.0275814
732.216 0.0275645
732.944 0.0275478
733.671 0.0275314
734.398 0.0275152
735.125 0.0274993
735.852 0.0274836
736.579 0.0274682
737.305 0.0274530
738.031 0.0274380
738.757 0.0274233
739.483 0.0274088
740.208 0.0273945
740.933 0.0273805
741.658 0.0273667
742.383 0.0273530
743.108 0.0273396
743.832 0.0273264
744.556 0.0273133
745.280 0.0273005
746.004 0.0272878
746.727 0.0272752
747.450 0.0272629
748.173 0.0272506
748.896 0.0272385
749.618 0.0272266
750.340 0.0272147
751.062 0.0272029
751.784 0.0271913
752.506 0.0271797
753.227 0.0271682
753.948 0.0271567
754.669 0.0271453
755.389 0.0271340
756.110 0.0271227
756.830 0.0271114
757.550 0.0271000
758.269 0.0270888
758.989 0.0270774
759.708 0.0270661
760.427 0.0270547
761.146 0.0270433
761.864 0.0270318
762.582 0.0270203
763.300 0.0270086
764.018 0.0269969
764.736 0.0269851
765.453 0.0269732
766.170 0.0269612
766.887 0.0269491
767.603 0.0269368
768.320 0.0269244
769.036 0.0269119
769.751 0.0268992
770.467 0.0268864
771.182 0.0268734
771.897 0.0268602
772.612 0.0268469
773.327 0.0268334
774.041 0.0268197
774.755 0.0268059
775.469 0.0267918
776.183 0.0267776
776.896 0.0267632
777.609 0.0267486
778.322 0.0267338
779.035 0.0267188
779.747 0.0267036
780.459 0.0266883
781.171 0.0266727
781.882 0.0266570
782.594 0.0266411
783.305 0.0266250
784.016 0.0266087
784.726 0.0265923
785.436 0.0265757
786.147 0.0265589
786.856 0.0265419
787.566 0.0265248
788.275 0.0265076
788.984 0.0264902
789.693 0.0264727
790.401 0.0264550
791.110 0.0264372
791.818 0.0264194
792.525 0.0264014
793.233 0.0263833
793.940 0.0263651
794.647 0.0263468
795.353 0.0263285
796.060 0.0263101
796.766 0.0262917
797.472 0.0262732
798.177 0.0262547
798.883 0.0262362
799.588 0.0262177
800.292 0.0261991
800.997 0.0261806
801.701 0.0261621
802.405 0.0261436
803.109 0.0261252
803.812 0.0261068
804.515 0.0260885
805.218 0.0260703
805.921 0.0260522
806.623 0.0260341
807.325 0.0260162
808.027 0.0259983
808.728 0.0259807
809.429 0.0259631
810.130 0.0259457
810.831 0.0259285
811.531 0.0259114
812.231 0.0258945
812.931 0.0258778
813.630 0.0258613
814.330 0.0258449
815.029 0.0258288
815.727 0.0258129
816.426 0.0257973
817.124 0.0257819
817.821 0.0257667
818.519 0.0257518
819.216 0.0257371
819.913 0.0257227
820.609 0.0257085
821.306 0.0256947
822.002 0.0256811
822.697 0.0256678
823.393 0.0256547
824.088 0.0256420
824.783 0.0256295
825.477 0.0256174
826.171 0.0256056
826.865 0.0255940
827.559 0.0255828
828.252 0.0255718
828.945 0.0255612
829.638 0.0255508
830.330 0.0255408
831.023 0.0255310
831.714 0.0255216
832.406 0.0255125
833.097 0.0255036
833.788 0.0254951
834.479 0.0254868
835.169 0.0254789
835.859 0.0254712
836.548 0.0254638
837.238 0.0254567
837.927 0.0254499
838.615 0.0254433
839.304 0.0254370
839.992 0.0254310
840.680 0.0254251
841.367 0.0254196
842.054 0.0254143
842.741 0.0254092
843.428 0.0254043
844.114 0.0253997
844.800 0.0253952
845.485 0.0253910
846.170 0.0253870
846.855 0.0253831
847.540 0.0253794
848.224 0.0253759
848.908 0.0253725
849.592 0.0253693
850.275 0.0253662
850.958 0.0253633
851.641 0.0253604
852.323 0.0253577
853.005 0.0253550
853.687 0.0253525
854.368 0.0253500
855.049 0.0253476
855.730 0.0253453
856.410 0.0253430
857.090 0.0253407
857.769 0.0253385
858.449 0.0253362
859.128 0.0253340
859.806 0.0253318
860.485 0.0253295
861.163 0.0253273
861.840 0.0253250
862.518 0.0253226
863.195 0.0253202
863.871 0.0253177
864.548 0.0253152
865.224 0.0253126
865.899 0.0253098
866.574 0.0253070
867.249 0.0253041
867.924 0.0253010
868.598 0.0252978
869.272 0.0252945
869.946 0.0252910
870.619 0.0252873
871.292 0.0252835
871.964 0.0252796
872.636 0.0252754
873.308 0.0252711
873.979 0.0252666
874.651 0.0252619
875.321 0.0252569
875.992 0.0252518
876.662 0.0252465
877.331 0.0252409
878.001 0.0252351
878.670 0.0252291
879.338 0.0252228
880.007 0.0252163
880.675 0.0252096
881.342 0.0252026
882.009 0.0251954
882.676 0.0251879
883.343 0.0251801
884.009 0.0251721
884.675 0.0251639
885.340 0.0251554
886.005 0.0251466
886.670 0.0251376
887.334 0.0251283
887.998 0.0251187
888.662 0.0251089
889.325 0.0250988
889.988 0.0250884
890.650 0.0250778
891.312 0.0250670
891.974 0.0250558
892.636 0.0250445
893.297 0.0250328
893.957 0.0250210
894.618 0.0250088
895.278 0.0249964
895.937 0.0249838
896.596 0.0249710
897.255 0.0249579
897.914 0.0249446
898.572 0.0249310
899.230 0.0249172
899.887 0.0249033
900.544 0.0248891
901.201 0.0248747
901.857 0.0248601
902.513 0.0248453
903.168 0.0248303
903.823 0.0248152
904.478 0.0247999
905.132 0.0247844
905.786 0.0247687
906.440 0.0247529
907.093 0.0247370
907.746 0.0247209
908.399 0.0247046
909.051 0.0246883
909.703 0.0246718
910.354 0.0246553
911.005 0.0246386
911.656 0.0246218
912.306 0.0246050
912.956 0.0245880
913.605 0.0245711
914.254 0.0245540
914.903 0.0245369
915.551 0.0245198
916.199 0.0245026
916.847 0.0244854
917.494 0.0244682
918.141 0.0244509
918.788 0.0244337
919.434 0.0244165
920.079 0.0243993
920.725 0.0243821
921.370 0.0243650
922.014 0.0243479
922.658 0.0243309
923.302 0.0243139
923.946 0.0242969
924.589 0.0242801
925.231 0.0242634
925.873 0.0242467
926.515 0.0242302
927.157 0.0242137
927.798 0.0241974
928.439 0.0241812
929.079 0.0241651
929.719 0.0241492
930.359 0.0241334
930.998 0.0241178
931.637 0.0241023
932.275 0.0240870
932.913 0.0240719
933.551 0.0240569
934.188 0.0240422
934.825 0.0240277
935.462 0.0240133
936.098 0.0239992
936.733 0.0239852
937.369 0.0239715
938.004 0.0239580
938.638 0.0239448
939.273 0.0239318
939.907 0.0239190
940.540 0.0239065
941.173 0.0238942
941.806 0.0238822
942.438 0.0238704
943.070 0.0238589
943.702 0.0238477
944.333 0.0238367
944.964 0.0238260
945.594 0.0238156
946.224 0.0238055
946.854 0.0237956
947.483 0.0237861
948.112 0.0237768
948.741 0.0237678
949.369 0.0237591
949.996 0.0237507
950.624 0.0237426
951.251 0.0237347
951.878 0.0237272
952.504 0.0237200
953.130 0.0237131
953.755 0.0237064
954.380 0.0237001
955.005 0.0236941
955.629 0.0236883
956.253 0.0236829
956.877 0.0236778
957.500 0.0236729
958.123 0.0236684
958.746 0.0236641
959.368 0.0236602
959.990 0.0236565
960.611 0.0236550
961.232 0.0236538
961.853 0.0236528
962.473 0.0236522
963.093 0.0236518
963.712 0.0236516
964.331 0.0236518
964.950 0.0236522
965.569 0.0236528
966.187 0.0236538
966.804 0.0236549
967.422 0.0236564
968.039 0.0236580
968.655 0.0236599
969.272 0.0236621
969.887 0.0236644
970.503 0.0236671
971.118 0.0236699
971.733 0.0236729
972.347 0.0236762
972.961 0.0236797
973.575 0.0236834
974.188 0.0236872
974.801 0.0236913
975.414 0.0236956
976.026 0.0237000
976.638 0.0237046
977.250 0.0237094
977.861 0.0237144
978.472 0.0237195
979.083 0.0237248
979.693 0.0237303
980.303 0.0237359
980.912 0.0237416
981.521 0.0237474
982.130 0.0237534
982.738 0.0237595
983.346 0.0237657
983.954 0.0237720
984.562 0.0237784
985.169 0.0237849
985.775 0.0237915
986.382 0.0237982
986.988 0.0238050
987.594 0.0238118
988.199 0.0238187
988.804 0.0238256
989.409 0.0238326
990.013 0.0238397
990.617 0.0238467
991.221 0.0238538
991.824 0.0238609
992.427 0.0238681
993.030 0.0238752
993.632 0.0238824
994.234 0.0238895
994.836 0.0238967
995.438 0.0239038
996.039 0.0239109
996.640 0.0239180
997.240 0.0239250
997.840 0.0239320
998.440 0.0239390
999.040 0.0239459
999.639 0.0239528
1000.238 0.0239589
1000.836 0.0239640
1001.435 0.0239690
1002.033 0.0239739
1002.630 0.0239787
1003.228 0.0239835
1003.825 0.0239881
1004.422 0.0239927
1005.018 0.0239971
1005.614 0.0240014
1006.210 0.0240056
1006.806 0.0240097
1007.401 0.0240137
1007.996 0.0240175
1008.591 0.0240212
1009.186 0.0240247
1009.780 0.0240281
1010.374 0.0240313
1010.967 0.0240344
1011.561 0.0240373
1012.154 0.0240400
1012.746 0.0240426
1013.339 0.0240450
1013.931 0.0240472
1014.523 0.0240492
1015.115 0.0240511
1015.706 0.0240527
1016.298 0.0240542
1016.888 0.0240554
1017.479 0.0240565
1018.069 0.0240573
1018.660 0.0240580
1019.250 0.0240584
1019.839 0.0240586
1020.429 0.0240586
1021.018 0.0240584
1021.607 0.0240579
1022.195 0.0240572
1022.784 0.0240563
1023.372 0.0240552
1023.960 0.0240538
1024.547 0.0240522
1025.135 0.0240504
1025.722 0.0240483
1026.309 0.0240460
1026.896 0.0240434
1027.483 0.0240406
1028.069 0.0240376
1028.655 0.0240343
1029.241 0.0240308
1029.827 0.0240270
1030.412 0.0240230
1030.997 0.0240187
1031.582 0.0240142
1032.167 0.0240094
1032.752 0.0240044
1033.336 0.0239991
1033.921 0.0239936
1034.505 0.0239879
1035.089 0.0239818
1035.672 0.0239756
1036.256 0.0239691
1036.839 0.0239623
1037.422 0.0239553
1038.005 0.0239480
1038.588 0.0239405
1039.171 0.0239328
1039.753 0.0239248
1040.335 0.0239166
1040.918 0.0239081
1041.500 0.0238994
1042.081 0.0238904
1042.663 0.0238812
1043.244 0.0238718
1043.826 0.0238622
1044.407 0.0238523
1044.988 0.0238422
1045.569 0.0238318
1046.150 0.0238212
1046.730 0.0238105
1047.311 0.0237994
1047.891 0.0237882
1048.471 0.0237768
1049.052 0.0237651
1049.632 0.0237532
1050.211 0.0237412
1050.791 0.0237289
1051.371 0.0237164
1051.950 0.0237037
1052.530 0.0236908
1053.109 0.0236777
1053.688 0.0236645
1054.268 0.0236510
1054.847 0.0236374
1055.426 0.0236236
1056.005 0.0236096
1056.583 0.0235955
1057.162 0.0235811
1057.741 0.0235666
1058.319 0.0235520
1058.898 0.0235372
1059.476 0.0235223
1060.055 0.0235071
1060.633 0.0234919
1061.211 0.0234765
1061.790 0.0234610
1062.368 0.0234453
1062.946 0.0234295
1063.524 0.0234136
1064.102 0.0233976
1064.680 0.0233814
1065.258 0.0233652
1065.836 0.0233488
1066.414 0.0233324
1066.992 0.0233158
1067.570 0.0232991
1068.148 0.0232824
1068.726 0.0232656
1069.304 0.0232487
1069.882 0.0232317
1070.460 0.0232146
1071.038 0.0231975
1071.616 0.0231803
1072.194 0.0231631
1072.772 0.0231458
1073.350 0.0231285
1073.928 0.0231111
1074.506 0.0230937
1075.084 0.0230763
1075.662 0.0230588
1076.240 0.0230414
1076.819 0.0230238
1077.397 0.0230063
1077.976 0.0229888
1078.554 0.0229713
1079.133 0.0229537
1079.711 0.0229362
1080.290 0.0229187
1080.869 0.0229012
1081.448 0.0228838
1082.027 0.0228663
1082.606 0.0228489
1083.185 0.0228316
1083.764 0.0228142
1084.343 0.0227970
1084.923 0.0227797
1085.502 0.0227625
1086.082 0.0227454
1086.662 0.0227284
1087.242 0.0227114
1087.822 0.0226945
1088.402 0.0226776
1088.983 0.0226609
1089.563 0.0226442
1090.144 0.0226277
1090.725 0.0226112
1091.306 0.0225948
1091.887 0.0225785
1092.469 0.0225624
1093.050 0.0225463
1093.632 0.0225304
1094.214 0.0225146
1094.796 0.0224989
1095.379 0.0224834
1095.961 0.0224680
1096.544 0.0224527
1097.127 0.0224376
1097.710 0.0224226
1098.294 0.0224078
1098.877 0.0223932
1099.461 0.0223787
1100.046 0.0223643
1100.630 0.0223501
1101.215 0.0223361
1101.800 0.0223223
1102.385 0.0223087
1102.970 0.0222952
1103.556 0.0222819
1104.142 0.0222689
1104.728 0.0222560
1105.315 0.0222433
1105.902 0.0222308
1106.489 0.0222185
1107.077 0.0222064
1107.664 0.0221945
1108.253 0.0221829
1108.841 0.0221714
1109.430 0.0221602
1110.019 0.0221492
1110.609 0.0221384
1111.198 0.0221279
1111.789 0.0221175
1112.379 0.0221075
1112.970 0.0220976
1113.561 0.0220880
1114.153 0.0220786
1114.745 0.0220695
1115.338 0.0220606
1115.931 0.0220519
1116.524 0.0220436
1117.117 0.0220354
1117.712 0.0220275
1118.306 0.0220199
1118.901 0.0220125
1119.496 0.0220054
1120.092 0.0219986
1120.689 0.0219920
1121.285 0.0219856
1121.882 0.0219796
1122.480 0.0219738
1123.078 0.0219683
1123.677 0.0219630
1124.276 0.0219580
1124.875 0.0219533
1125.476 0.0219488
1126.076 0.0219447
1126.677 0.0219408
1127.279 0.0219372
1127.881 0.0219338
1128.484 0.0219307
1129.087 0.0219279
1129.691 0.0219254
1130.295 0.0219232
1130.900 0.0219212
1131.505 0.0219195
1132.111 0.0219181
1132.718 0.0219170
1133.325 0.0219161
1133.933 0.0219156
1134.541 0.0219153
1135.150 0.0219153
1135.760 0.0219155
1136.370 0.0219160
1136.981 0.0219168
1137.592 0.0219179
1138.204 0.0219193
1138.817 0.0219209
1139.431 0.0219228
1140.045 0.0219250
1140.660 0.0219274
1141.275 0.0219301
1141.891 0.0219331
1142.508 0.0219363
1143.126 0.0219398
1143.744 0.0219436
1144.363 0.0219476
1144.983 0.0219519
