432.689 0.0446546
433.621 0.0445212
434.552 0.0443891
435.482 0.0442583
436.410 0.0441290
437.337 0.0440008
438.262 0.0438741
439.187 0.0437484
440.110 0.0436241
441.031 0.0435011
441.952 0.0433791
442.871 0.0432584
443.789 0.0431389
444.705 0.0430205
445.621 0.0429032
446.535 0.0427871
447.447 0.0426721
448.359 0.0425581
449.269 0.0424453
450.178 0.0423335
451.086 0.0422227
451.993 0.0421129
452.898 0.0420042
453.803 0.0418964
454.706 0.0417897
455.608 0.0416839
456.508 0.0415791
457.408 0.0414752
458.306 0.0413723
459.204 0.0412702
460.100 0.0411691
460.995 0.0410689
461.888 0.0409697
462.781 0.0408712
463.673 0.0407736
464.563 0.0406769
465.452 0.0405811
466.340 0.0404861
467.228 0.0403917
468.114 0.0402983
468.999 0.0402057
469.882 0.0401139
470.765 0.0400229
471.647 0.0399325
472.528 0.0398429
473.407 0.0397542
474.286 0.0396661
475.163 0.0395788
476.040 0.0394921
476.915 0.0394062
477.790 0.0393209
478.663 0.0392364
479.535 0.0391526
480.407 0.0390693
481.277 0.0389868
482.147 0.0389048
483.015 0.0388236
483.883 0.0387429
484.749 0.0386630
485.615 0.0385836
486.479 0.0385049
487.343 0.0384268
488.206 0.0383493
489.067 0.0382724
489.928 0.0381961
490.788 0.0381204
491.647 0.0380452
492.505 0.0379707
493.362 0.0378967
494.218 0.0378233
495.073 0.0377505
495.928 0.0376782
496.781 0.0376065
497.634 0.0375352
498.486 0.0374645
499.337 0.0373943
500.187 0.0373247
501.036 0.0372556
501.884 0.0371870
502.731 0.0371189
503.578 0.0370512
504.424 0.0369840
505.268 0.0369174
506.113 0.0368510
506.956 0.0367853
507.798 0.0367200
508.640 0.0366550
509.480 0.0365906
510.320 0.0365266
511.160 0.0364630
511.998 0.0363998
512.836 0.0363370
513.672 0.0362748
514.508 0.0362129
515.344 0.0361513
516.178 0.0360902
517.012 0.0360295
517.845 0.0359692
518.677 0.0359094
519.508 0.0358499
520.339 0.0357908
521.169 0.0357321
521.998 0.0356739
522.826 0.0356160
523.654 0.0355585
524.481 0.0355014
525.307 0.0354447
526.133 0.0353884
526.958 0.0353325
527.782 0.0352770
528.605 0.0352219
529.428 0.0351671
530.250 0.0351127
531.072 0.0350586
531.892 0.0350050
532.712 0.0349517
533.532 0.0348987
534.350 0.0348461
535.168 0.0347938
535.986 0.0347418
536.802 0.0346902
537.618 0.0346389
538.434 0.0345879
539.249 0.0345371
540.063 0.0344867
540.876 0.0344367
541.689 0.0343868
542.501 0.0343373
543.313 0.0342879
544.124 0.0342389
544.934 0.0341901
545.744 0.0341416
546.553 0.0340934
547.361 0.0340454
548.169 0.0339976
548.976 0.0339501
549.783 0.0339028
550.589 0.0338558
551.395 0.0338090
552.200 0.0337624
553.004 0.0337161
553.808 0.0336701
554.611 0.0336243
555.414 0.0335787
556.216 0.0335334
557.018 0.0334884
557.819 0.0334436
558.619 0.0333992
559.419 0.0333549
560.218 0.0333110
561.017 0.0332673
561.815 0.0332239
562.613 0.0331808
563.410 0.0331380
564.207 0.0330954
565.003 0.0330531
565.799 0.0330111
566.594 0.0329694
567.388 0.0329280
568.182 0.0328869
568.976 0.0328460
569.769 0.0328054
570.562 0.0327650
571.354 0.0327249
572.145 0.0326852
572.936 0.0326456
573.727 0.0326062
574.517 0.0325672
575.307 0.0325283
576.096 0.0324896
576.885 0.0324512
577.673 0.0324130
578.461 0.0323749
579.248 0.0323371
580.035 0.0322994
580.821 0.0322619
581.607 0.0322245
582.392 0.0321873
583.177 0.0321503
583.962 0.0321133
584.746 0.0320765
585.529 0.0320399
586.313 0.0320033
587.095 0.0319669
587.878 0.0319305
588.660 0.0318943
589.441 0.0318582
590.222 0.0318222
591.003 0.0317863
591.783 0.0317505
592.563 0.0317148
593.342 0.0316792
594.121 0.0316438
594.899 0.0316085
595.678 0.0315732
596.455 0.0315382
597.233 0.0315032
598.009 0.0314685
598.786 0.0314338
599.562 0.0313993
600.338 0.0313650
601.113 0.0313309
601.888 0.0312969
602.663 0.0312631
603.437 0.0312296
604.211 0.0311962
604.984 0.0311631
605.757 0.0311302
606.530 0.0310974
607.302 0.0310650
608.074 0.0310327
608.845 0.0310008
609.616 0.0309690
610.387 0.0309375
611.158 0.0309062
611.928 0.0308752
612.697 0.0308444
613.467 0.0308139
614.236 0.0307836
615.004 0.0307536
615.773 0.0307237
616.541 0.0306941
617.308 0.0306648
618.076 0.0306356
618.843 0.0306067
619.609 0.0305779
620.375 0.0305494
621.141 0.0305210
621.907 0.0304927
622.672 0.0304647
623.437 0.0304368
624.202 0.0304090
624.966 0.0303813
625.730 0.0303537
626.493 0.0303263
627.257 0.0302989
628.020 0.0302715
628.782 0.0302443
629.545 0.0302171
630.307 0.0301899
631.068 0.0301628
631.830 0.0301357
632.591 0.0301086
633.352 0.0300815
634.112 0.0300544
634.872 0.0300273
635.632 0.0300001
636.392 0.0299730
637.151 0.0299458
637.910 0.0299187
638.668 0.0298915
639.427 0.0298642
640.185 0.0298370
640.943 0.0298097
641.700 0.0297825
642.457 0.0297552
643.214 0.0297280
643.971 0.0297007
644.727 0.0296734
645.483 0.0296462
646.239 0.0296190
646.994 0.0295919
647.750 0.0295648
648.505 0.0295378
649.259 0.0295108
650.014 0.0294840
650.768 0.0294572
651.521 0.0294306
652.275 0.0294041
653.028 0.0293778
653.781 0.0293516
654.534 0.0293255
655.286 0.0292997
656.039 0.0292740
656.791 0.0292485
657.542 0.0292233
658.294 0.0291982
659.045 0.0291734
659.796 0.0291489
660.546 0.0291246
661.297 0.0291005
662.047 0.0290767
662.796 0.0290532
663.546 0.0290299
664.295 0.0290069
665.044 0.0289842
665.793 0.0289617
666.542 0.0289395
667.290 0.0289176
668.038 0.0288959
668.786 0.0288745
669.533 0.0288533
670.281 0.0288324
671.028 0.0288117
671.774 0.0287912
672.521 0.0287710
673.267 0.0287509
674.013 0.0287311
674.759 0.0287114
675.505 0.0286918
676.250 0.0286724
676.995 0.0286532
677.740 0.0286341
678.484 0.0286151
679.229 0.0285961
679.973 0.0285772
680.717 0.0285584
681.460 0.0285397
682.204 0.0285209
682.947 0.0285021
683.690 0.0284834
684.433 0.0284646
685.175 0.0284458
685.917 0.0284269
686.659 0.0284080
687.401 0.0283890
688.142 0.0283699
688.884 0.0283507
689.625 0.0283313
690.365 0.0283119
691.106 0.0282924
691.846 0.0282727
692.586 0.0282528
693.326 0.0282328
694.066 0.0282127
694.805 0.0281924
695.545 0.0281720
696.284 0.0281514
697.022 0.0281307
697.761 0.0281098
698.499 0.0280887
699.237 0.0280676
699.975 0.0280463
700.713 0.0280248
701.450 0.0280033
702.187 0.0279817
702.924 0.0279599
703.661 0.0279381
704.397 0.0279162
705.133 0.0278943
705.869 0.0278723
706.605 0.0278503
707.341 0.0278282
708.076 0.0278062
708.811 0.0277842
709.546 0.0277622
710.281 0.0277403
711.015 0.0277185
711.749 0.0276967
712.483 0.0276751
713.217 0.0276535
713.950 0.0276322
714.684 0.0276109
715.417 0.0275899
716.150 0.0275690
716.882 0.0275483
717.615 0.0275279
718.347 0.0275077
719.079 0.0274877
719.811 0.0274680
720.542 0.0274486
721.273 0.0274294
722.005 0.0274106
722.735 0.0273920
723.466 0.0273738
724.196 0.0273559
724.927 0.0273383
725.656 0.0273210
726.386 0.0273041
727.116 0.0272875
727.845 0.0272712
728.574 0.0272553
729.303 0.0272397
730.031 0.0272244
730.760 0.0272095
731.488 0.0271949
732.216 0.0271806
732.944 0.0271666
733.671 0.0271529
734.398 0.0271395
735.125 0.0271264
735.852 0.0271135
736.579 0.0271009
737.305 0.0270886
738.031 0.0270765
738.757 0.0270645
739.483 0.0270528
740.208 0.0270413
740.933 0.0270299
741.658 0.0270187
742.383 0.0270075
743.108 0.0269965
743.832 0.0269856
744.556 0.0269748
745.280 0.0269640
746.004 0.0269532
746.727 0.0269424
747.450 0.0269316
748.173 0.0269208
748.896 0.0269100
749.618 0.0268991
750.340 0.0268881
751.062 0.0268770
751.784 0.0268658
752.506 0.0268544
753.227 0.0268429
753.948 0.0268312
754.669 0.0268194
755.389 0.0268073
756.110 0.0267951
756.830 0.0267826
757.550 0.0267699
758.269 0.0267569
758.989 0.0267437
759.708 0.0267302
760.427 0.0267165
761.146 0.0267025
761.864 0.0266882
762.582 0.0266736
763.300 0.0266588
764.018 0.0266436
764.736 0.0266282
765.453 0.0266125
766.170 0.0265965
766.887 0.0265803
767.603 0.0265638
768.320 0.0265470
769.036 0.0265299
769.751 0.0265126
770.467 0.0264951
771.182 0.0264773
771.897 0.0264593
772.612 0.0264411
773.327 0.0264227
774.041 0.0264041
774.755 0.0263854
775.469 0.0263664
776.183 0.0263474
776.896 0.0263282
777.609 0.0263090
778.322 0.0262896
779.035 0.0262702
779.747 0.0262508
780.459 0.0262313
781.171 0.0262118
781.882 0.0261923
782.594 0.0261728
783.305 0.0261534
784.016 0.0261341
784.726 0.0261148
785.436 0.0260957
786.147 0.0260767
786.856 0.0260578
787.566 0.0260391
788.275 0.0260206
788.984 0.0260023
789.693 0.0259842
790.401 0.0259664
791.110 0.0259488
791.818 0.0259314
792.525 0.0259144
793.233 0.0258977
793.940 0.0258813
794.647 0.0258652
795.353 0.0258495
796.060 0.0258341
796.766 0.0258190
797.472 0.0258044
798.177 0.0257901
798.883 0.0257762
799.588 0.0257627
800.292 0.0257497
800.997 0.0257370
801.701 0.0257247
802.405 0.0257129
803.109 0.0257015
803.812 0.0256904
804.515 0.0256798
805.218 0.0256697
805.921 0.0256599
806.623 0.0256505
807.325 0.0256416
808.027 0.0256330
808.728 0.0256248
809.429 0.0256170
810.130 0.0256096
810.831 0.0256025
811.531 0.0255958
812.231 0.0255895
812.931 0.0255835
813.630 0.0255778
814.330 0.0255723
815.029 0.0255672
815.727 0.0255624
816.426 0.0255578
817.124 0.0255535
817.821 0.0255494
818.519 0.0255454
819.216 0.0255417
819.913 0.0255382
820.609 0.0255348
821.306 0.0255315
822.002 0.0255284
822.697 0.0255254
823.393 0.0255224
824.088 0.0255195
824.783 0.0255166
825.477 0.0255137
826.171 0.0255109
826.865 0.0255080
827.559 0.0255050
828.252 0.0255021
828.945 0.0254990
829.638 0.0254958
830.330 0.0254925
831.023 0.0254891
831.714 0.0254855
832.406 0.0254818
833.097 0.0254778
833.788 0.0254737
834.479 0.0254693
835.169 0.0254647
835.859 0.0254598
836.548 0.0254547
837.238 0.0254493
837.927 0.0254436
838.615 0.0254376
839.304 0.0254312
839.992 0.0254246
840.680 0.0254176
841.367 0.0254103
842.054 0.0254026
842.741 0.0253945
843.428 0.0253861
844.114 0.0253774
844.800 0.0253682
845.485 0.0253587
846.170 0.0253487
846.855 0.0253384
847.540 0.0253277
848.224 0.0253167
848.908 0.0253052
849.592 0.0252934
850.275 0.0252811
850.958 0.0252685
851.641 0.0252556
852.323 0.0252422
853.005 0.0252285
853.687 0.0252144
854.368 0.0252000
855.049 0.0251853
855.730 0.0251702
856.410 0.0251548
857.090 0.0251391
857.769 0.0251231
858.449 0.0251068
859.128 0.0250902
859.806 0.0250734
860.485 0.0250563
861.163 0.0250390
861.840 0.0250214
862.518 0.0250037
863.195 0.0249857
863.871 0.0249676
864.548 0.0249493
865.224 0.0249309
865.899 0.0249124
866.574 0.0248938
867.249 0.0248751
867.924 0.0248562
868.598 0.0248374
869.272 0.0248185
869.946 0.0247996
870.619 0.0247807
871.292 0.0247618
871.964 0.0247429
872.636 0.0247242
873.308 0.0247054
873.979 0.0246868
874.651 0.0246683
875.321 0.0246499
875.992 0.0246316
876.662 0.0246135
877.331 0.0245956
878.001 0.0245779
878.670 0.0245604
879.338 0.0245431
880.007 0.0245261
880.675 0.0245093
881.342 0.0244928
882.009 0.0244766
882.676 0.0244607
883.343 0.0244450
884.009 0.0244298
884.675 0.0244148
885.340 0.0244002
886.005 0.0243860
886.670 0.0243722
887.334 0.0243587
887.998 0.0243456
888.662 0.0243329
889.325 0.0243207
889.988 0.0243088
890.650 0.0242974
891.312 0.0242864
891.974 0.0242759
892.636 0.0242657
893.297 0.0242560
893.957 0.0242468
894.618 0.0242380
895.278 0.0242297
895.937 0.0242218
896.596 0.0242144
897.255 0.0242075
897.914 0.0242009
898.572 0.0241949
899.230 0.0241893
899.887 0.0241841
900.544 0.0241794
901.201 0.0241751
901.857 0.0241712
902.513 0.0241678
903.168 0.0241648
903.823 0.0241622
904.478 0.0241601
905.132 0.0241583
905.786 0.0241569
906.440 0.0241559
907.093 0.0241553
907.746 0.0241551
908.399 0.0241552
909.051 0.0241556
909.703 0.0241564
910.354 0.0241575
911.005 0.0241590
911.656 0.0241607
912.306 0.0241627
912.956 0.0241649
913.605 0.0241675
914.254 0.0241702
914.903 0.0241732
915.551 0.0241765
916.199 0.0241799
916.847 0.0241835
917.494 0.0241873
918.141 0.0241912
918.788 0.0241953
919.434 0.0241995
920.079 0.0242038
920.725 0.0242082
921.370 0.0242127
922.014 0.0242172
922.658 0.0242218
923.302 0.0242264
923.946 0.0242311
924.589 0.0242357
925.231 0.0242403
925.873 0.0242449
926.515 0.0242494
927.157 0.0242539
927.798 0.0242583
928.439 0.0242626
929.079 0.0242668
929.719 0.0242709
930.359 0.0242748
930.998 0.0242786
931.637 0.0242822
932.275 0.0242857
932.913 0.0242889
933.551 0.0242920
934.188 0.0242948
934.825 0.0242974
935.462 0.0242998
936.098 0.0243019
936.733 0.0243037
937.369 0.0243053
938.004 0.0243066
938.638 0.0243076
939.273 0.0243082
939.907 0.0243086
940.540 0.0243086
941.173 0.0243083
941.806 0.0243077
942.438 0.0243067
943.070 0.0243054
943.702 0.0243037
944.333 0.0243016
944.964 0.0242992
945.594 0.0242963
946.224 0.0242931
946.854 0.0242895
947.483 0.0242855
948.112 0.0242812
948.741 0.0242764
949.369 0.0242712
949.996 0.0242656
950.624 0.0242596
951.251 0.0242532
951.878 0.0242464
952.504 0.0242392
953.130 0.0242316
953.755 0.0242236
954.380 0.0242152
955.005 0.0242064
955.629 0.0241971
956.253 0.0241875
956.877 0.0241775
957.500 0.0241671
958.123 0.0241564
958.746 0.0241452
959.368 0.0241337
959.990 0.0241218
960.611 0.0241114
961.232 0.0241006
961.853 0.0240895
962.473 0.0240780
963.093 0.0240662
963.712 0.0240541
964.331 0.0240416
964.950 0.0240288
965.569 0.0240157
966.187 0.0240023
966.804 0.0239887
967.422 0.0239747
968.039 0.0239604
968.655 0.0239459
969.272 0.0239311
969.887 0.0239162
970.503 0.0239009
971.118 0.0238854
971.733 0.0238698
972.347 0.0238539
972.961 0.0238378
973.575 0.0238216
974.188 0.0238052
974.801 0.0237886
975.414 0.0237719
976.026 0.0237551
976.638 0.0237382
977.250 0.0237211
977.861 0.0237039
978.472 0.0236867
979.083 0.0236694
979.693 0.0236520
980.303 0.0236346
980.912 0.0236172
981.521 0.0235998
982.130 0.0235823
982.738 0.0235649
983.346 0.0235474
983.954 0.0235300
984.562 0.0235126
985.169 0.0234953
985.775 0.0234781
986.382 0.0234609
986.988 0.0234438
987.594 0.0234268
988.199 0.0234099
988.804 0.0233932
989.409 0.0233766
990.013 0.0233601
990.617 0.0233438
991.221 0.0233277
991.824 0.0233117
992.427 0.0232959
993.030 0.0232804
993.632 0.0232650
994.234 0.0232499
994.836 0.0232350
995.438 0.0232203
996.039 0.0232059
996.640 0.0231917
997.240 0.0231778
997.840 0.0231642
998.440 0.0231509
999.040 0.0231378
999.639 0.0231251
1000.238 0.0231120
1000.836 0.0230983
1001.435 0.0230849
1002.033 0.0230718
1002.630 0.0230591
1003.228 0.0230467
1003.825 0.0230347
1004.422 0.0230230
1005.018 0.0230117
1005.614 0.0230008
1006.210 0.0229903
1006.806 0.0229801
1007.401 0.0229703
1007.996 0.0229609
1008.591 0.0229518
1009.186 0.0229432
1009.780 0.0229350
1010.374 0.0229271
1010.967 0.0229197
1011.561 0.0229127
1012.154 0.0229060
1012.746 0.0228998
1013.339 0.0228940
1013.931 0.0228886
1014.523 0.0228835
1015.115 0.0228789
1015.706 0.0228747
1016.298 0.0228709
1016.888 0.0228675
1017.479 0.0228646
1018.069 0.0228620
1018.660 0.0228598
1019.250 0.0228580
1019.839 0.0228566
1020.429 0.0228556
1021.018 0.0228550
1021.607 0.0228547
1022.195 0.0228549
1022.784 0.0228554
1023.372 0.0228563
1023.960 0.0228576
1024.547 0.0228592
1025.135 0.0228612
1025.722 0.0228636
1026.309 0.0228663
1026.896 0.0228694
1027.483 0.0228728
1028.069 0.0228765
1028.655 0.0228806
1029.241 0.0228850
1029.827 0.0228897
1030.412 0.0228947
1030.997 0.0229000
1031.582 0.0229056
1032.167 0.0229115
1032.752 0.0229177
1033.336 0.0229241
1033.921 0.0229308
1034.505 0.0229378
1035.089 0.0229450
1035.672 0.0229525
1036.256 0.0229602
1036.839 0.0229681
1037.422 0.0229762
1038.005 0.0229845
1038.588 0.0229931
1039.171 0.0230018
1039.753 0.0230107
1040.335 0.0230198
1040.918 0.0230290
1041.500 0.0230384
1042.081 0.0230479
1042.663 0.0230576
1043.244 0.0230673
1043.826 0.0230772
1044.407 0.0230872
1044.988 0.0230973
1045.569 0.0231075
1046.150 0.0231178
1046.730 0.0231281
1047.311 0.0231385
1047.891 0.0231489
1048.471 0.0231594
1049.052 0.0231699
1049.632 0.0231804
1050.211 0.0231909
1050.791 0.0232014
1051.371 0.0232119
1051.950 0.0232224
1052.530 0.0232328
1053.109 0.0232432
1053.688 0.0232536
1054.268 0.0232639
1054.847 0.0232741
1055.426 0.0232843
1056.005 0.0232943
1056.583 0.0233043
1057.162 0.0233142
1057.741 0.0233239
1058.319 0.0233335
1058.898 0.0233430
1059.476 0.0233523
1060.055 0.0233616
1060.633 0.0233706
1061.211 0.0233795
1061.790 0.0233882
1062.368 0.0233967
1062.946 0.0234050
1063.524 0.0234131
1064.102 0.0234210
1064.680 0.0234287
1065.258 0.0234362
1065.836 0.0234435
1066.414 0.0234505
1066.992 0.0234572
1067.570 0.0234638
1068.148 0.0234700
1068.726 0.0234760
1069.304 0.0234817
1069.882 0.0234872
1070.460 0.0234924
1071.038 0.0234972
1071.616 0.0235018
1072.194 0.0235061
1072.772 0.0235101
1073.350 0.0235137
1073.928 0.0235171
1074.506 0.0235201
1075.084 0.0235228
1075.662 0.0235252
1076.240 0.0235272
1076.819 0.0235289
1077.397 0.0235303
1077.976 0.0235313
1078.554 0.0235320
1079.133 0.0235323
1079.711 0.0235322
1080.290 0.0235318
1080.869 0.0235311
1081.448 0.0235299
1082.027 0.0235284
1082.606 0.0235266
1083.185 0.0235243
1083.764 0.0235217
1084.343 0.0235188
1084.923 0.0235154
1085.502 0.0235117
1086.082 0.0235076
1086.662 0.0235031
1087.242 0.0234982
1087.822 0.0234930
1088.402 0.0234874
1088.983 0.0234814
1089.563 0.0234750
1090.144 0.0234682
1090.725 0.0234611
1091.306 0.0234536
1091.887 0.0234457
1092.469 0.0234374
1093.050 0.0234288
1093.632 0.0234198
1094.214 0.0234105
1094.796 0.0234007
1095.379 0.0233906
1095.961 0.0233802
1096.544 0.0233693
1097.127 0.0233582
1097.710 0.0233467
1098.294 0.0233348
1098.877 0.0233226
1099.461 0.0233100
1100.046 0.0232971
1100.630 0.0232838
1101.215 0.0232702
1101.800 0.0232563
1102.385 0.0232421
1102.970 0.0232276
1103.556 0.0232127
1104.142 0.0231976
1104.728 0.0231821
1105.315 0.0231664
1105.902 0.0231503
1106.489 0.0231340
1107.077 0.0231173
1107.664 0.0231005
1108.253 0.0230833
1108.841 0.0230658
1109.430 0.0230482
1110.019 0.0230302
1110.609 0.0230120
1111.198 0.0229936
1111.789 0.0229750
1112.379 0.0229561
1112.970 0.0229370
1113.561 0.0229177
1114.153 0.0228982
1114.745 0.0228786
1115.338 0.0228587
1115.931 0.0228386
1116.524 0.0228184
1117.117 0.0227980
1117.712 0.0227775
1118.306 0.0227568
1118.901 0.0227360
1119.496 0.0227150
1120.092 0.0226939
1120.689 0.0226727
1121.285 0.0226514
1121.882 0.0226300
1122.480 0.0226085
1123.078 0.0225870
1123.677 0.0225653
1124.276 0.0225436
1124.875 0.0225219
1125.476 0.0225001
1126.076 0.0224783
1126.677 0.0224564
1127.279 0.0224346
1127.881 0.0224127
1128.484 0.0223908
1129.087 0.0223689
1129.691 0.0223471
1130.295 0.0223253
1130.900 0.0223035
1131.505 0.0222818
1132.111 0.0222601
1132.718 0.0222385
1133.325 0.0222170
1133.933 0.0221955
1134.541 0.0221742
1135.150 0.0221529
1135.760 0.0221318
1136.370 0.0221108
1136.981 0.0220899
1137.592 0.0220691
1138.204 0.0220485
1138.817 0.0220281
1139.431 0.0220078
1140.045 0.0219877
1140.660 0.0219678
1141.275 0.0219481
1141.891 0.0219286
1142.508 0.0219092
1143.126 0.0218901
1143.744 0.0218713
1144.363 0.0218527
1144.983 0.0218343
