432.689 0.0425375
433.621 0.0424136
434.552 0.0422909
435.482 0.0421694
436.410 0.0420493
437.337 0.0419303
438.262 0.0418127
439.187 0.0416960
440.110 0.0415807
441.031 0.0414665
441.952 0.0413534
442.871 0.0412414
443.789 0.0411305
444.705 0.0410208
445.621 0.0409120
446.535 0.0408044
447.447 0.0406979
448.359 0.0405922
449.269 0.0404877
450.178 0.0403841
451.086 0.0402815
451.993 0.0401798
452.898 0.0400792
453.803 0.0399794
454.706 0.0398806
455.608 0.0397826
456.508 0.0396857
457.408 0.0395895
458.306 0.0394943
459.204 0.0393999
460.100 0.0393063
460.995 0.0392136
461.888 0.0391218
462.781 0.0390308
463.673 0.0389405
464.563 0.0388510
465.452 0.0387624
466.340 0.0386745
467.228 0.0385873
468.114 0.0385009
468.999 0.0384153
469.882 0.0383305
470.765 0.0382463
471.647 0.0381628
472.528 0.0380800
473.407 0.0379980
474.286 0.0379166
475.163 0.0378360
476.040 0.0377560
476.915 0.0376767
477.790 0.0375980
478.663 0.0375200
479.535 0.0374427
480.407 0.0373659
481.277 0.0372898
482.147 0.0372142
483.015 0.0371394
483.883 0.0370651
484.749 0.0369914
485.615 0.0369183
486.479 0.0368458
487.343 0.0367738
488.206 0.0367023
489.067 0.0366316
489.928 0.0365612
490.788 0.0364915
491.647 0.0364222
492.505 0.0363535
493.362 0.0362853
494.218 0.0362177
495.073 0.0361505
495.928 0.0360838
496.781 0.0360176
497.634 0.0359519
498.486 0.0358866
499.337 0.0358219
500.187 0.0357576
501.036 0.0356938
501.884 0.0356305
502.731 0.0355676
503.578 0.0355052
504.424 0.0354432
505.268 0.0353817
506.113 0.0353206
506.956 0.0352599
507.798 0.0351997
508.640 0.0351399
509.480 0.0350806
510.320 0.0350217
511.160 0.0349631
511.998 0.0349051
512.836 0.0348474
513.672 0.0347902
514.508 0.0347333
515.344 0.0346768
516.178 0.0346208
517.012 0.0345651
517.845 0.0345098
518.677 0.0344550
519.508 0.0344005
520.339 0.0343464
521.169 0.0342926
521.998 0.0342393
522.826 0.0341863
523.654 0.0341336
524.481 0.0340813
525.307 0.0340294
526.133 0.0339777
526.958 0.0339264
527.782 0.0338755
528.605 0.0338249
529.428 0.0337745
530.250 0.0337245
531.072 0.0336748
531.892 0.0336254
532.712 0.0335764
533.532 0.0335275
534.350 0.0334790
535.168 0.0334308
535.986 0.0333828
536.802 0.0333352
537.618 0.0332878
538.434 0.0332407
539.249 0.0331938
540.063 0.0331472
540.876 0.0331009
541.689 0.0330549
542.501 0.0330091
543.313 0.0329636
544.124 0.0329183
544.934 0.0328733
545.744 0.0328285
546.553 0.0327841
547.361 0.0327399
548.169 0.0326959
548.976 0.0326522
549.783 0.0326088
550.589 0.0325656
551.395 0.0325227
552.200 0.0324800
553.004 0.0324377
553.808 0.0323955
554.611 0.0323537
555.414 0.0323121
556.216 0.0322708
557.018 0.0322297
557.819 0.0321889
558.619 0.0321484
559.419 0.0321081
560.218 0.0320681
561.017 0.0320283
561.815 0.0319889
562.613 0.0319496
563.410 0.0319106
564.207 0.0318719
565.003 0.0318334
565.799 0.0317951
566.594 0.0317571
567.388 0.0317194
568.182 0.0316818
568.976 0.0316445
569.769 0.0316074
570.562 0.0315704
571.354 0.0315337
572.145 0.0314973
572.936 0.0314610
573.727 0.0314249
574.517 0.0313890
575.307 0.0313532
576.096 0.0313177
576.885 0.0312823
577.673 0.0312470
578.461 0.0312120
579.248 0.0311771
580.035 0.0311423
580.821 0.0311077
581.607 0.0310732
582.392 0.0310388
583.177 0.0310046
583.962 0.0309705
584.746 0.0309366
585.529 0.0309028
586.313 0.0308690
587.095 0.0308354
587.878 0.0308019
588.660 0.0307686
589.441 0.0307354
590.222 0.0307023
591.003 0.0306692
591.783 0.0306364
592.563 0.0306036
593.342 0.0305710
594.121 0.0305385
594.899 0.0305062
595.678 0.0304739
596.455 0.0304419
597.233 0.0304099
598.009 0.0303781
598.786 0.0303465
599.562 0.0303150
600.338 0.0302836
601.113 0.0302524
601.888 0.0302214
602.663 0.0301906
603.437 0.0301599
604.211 0.0301294
604.984 0.0300991
605.757 0.0300690
606.530 0.0300390
607.302 0.0300093
608.074 0.0299798
608.845 0.0299504
609.616 0.0299213
610.387 0.0298923
611.158 0.0298636
611.928 0.0298350
612.697 0.0298067
613.467 0.0297786
614.236 0.0297506
615.004 0.0297229
615.773 0.0296954
616.541 0.0296680
617.308 0.0296409
618.076 0.0296140
618.843 0.0295872
619.609 0.0295607
620.375 0.0295343
621.141 0.0295081
621.907 0.0294821
622.672 0.0294562
623.437 0.0294305
624.202 0.0294049
624.966 0.0293795
625.730 0.0293543
626.493 0.0293291
627.257 0.0293041
628.020 0.0292792
628.782 0.0292544
629.545 0.0292297
630.307 0.0292052
631.068 0.0291807
631.830 0.0291563
632.591 0.0291319
633.352 0.0291076
634.112 0.0290834
634.872 0.0290593
635.632 0.0290351
636.392 0.0290110
637.151 0.0289870
637.910 0.0289629
638.668 0.0289390
639.427 0.0289150
640.185 0.0288910
640.943 0.0288670
641.700 0.0288431
642.457 0.0288191
643.214 0.0287951
643.971 0.0287712
644.727 0.0287472
645.483 0.0287232
646.239 0.0286993
646.994 0.0286753
647.750 0.0286513
648.505 0.0286273
649.259 0.0286034
650.014 0.0285794
650.768 0.0285555
651.521 0.0285315
652.275 0.0285076
653.028 0.0284837
653.781 0.0284598
654.534 0.0284360
655.286 0.0284122
656.039 0.0283884
656.791 0.0283647
657.542 0.0283411
658.294 0.0283175
659.045 0.0282940
659.796 0.0282706
660.546 0.0282473
661.297 0.0282240
662.047 0.0282009
662.796 0.0281779
663.546 0.0281550
664.295 0.0281323
665.044 0.0281097
665.793 0.0280872
666.542 0.0280648
667.290 0.0280427
668.038 0.0280207
668.786 0.0279989
669.533 0.0279772
670.281 0.0279557
671.028 0.0279345
671.774 0.0279134
672.521 0.0278925
673.267 0.0278718
674.013 0.0278514
674.759 0.0278311
675.505 0.0278110
676.250 0.0277912
676.995 0.0277716
677.740 0.0277522
678.484 0.0277330
679.229 0.0277140
679.973 0.0276952
680.717 0.0276767
681.460 0.0276583
682.204 0.0276402
682.947 0.0276223
683.690 0.0276045
684.433 0.0275869
685.175 0.0275696
685.917 0.0275524
686.659 0.0275354
687.401 0.0275186
688.142 0.0275019
688.884 0.0274854
689.625 0.0274690
690.365 0.0274527
691.106 0.0274366
691.846 0.0274206
692.586 0.0274047
693.326 0.0273890
694.066 0.0273732
694.805 0.0273576
695.545 0.0273421
696.284 0.0273266
697.022 0.0273111
697.761 0.0272957
698.499 0.0272804
699.237 0.0272650
699.975 0.0272497
700.713 0.0272343
701.450 0.0272189
702.187 0.0272035
702.924 0.0271881
703.661 0.0271727
704.397 0.0271572
705.133 0.0271416
705.869 0.0271260
706.605 0.0271103
707.341 0.0270945
708.076 0.0270786
708.811 0.0270627
709.546 0.0270466
710.281 0.0270305
711.015 0.0270142
711.749 0.0269978
712.483 0.0269813
713.217 0.0269647
713.950 0.0269480
714.684 0.0269311
715.417 0.0269142
716.150 0.0268971
716.882 0.0268799
717.615 0.0268625
718.347 0.0268451
719.079 0.0268275
719.811 0.0268098
720.542 0.0267920
721.273 0.0267741
722.005 0.0267560
722.735 0.0267380
723.466 0.0267197
724.196 0.0267014
724.927 0.0266831
725.656 0.0266646
726.386 0.0266461
727.116 0.0266275
727.845 0.0266089
728.574 0.0265903
729.303 0.0265716
730.031 0.0265529
730.760 0.0265341
731.488 0.0265154
732.216 0.0264967
732.944 0.0264780
733.671 0.0264593
734.398 0.0264407
735.125 0.0264221
735.852 0.0264036
736.579 0.0263852
737.305 0.0263668
738.031 0.0263486
738.757 0.0263304
739.483 0.0263123
740.208 0.0262944
740.933 0.0262767
741.658 0.0262590
742.383 0.0262416
743.108 0.0262243
743.832 0.0262071
744.556 0.0261902
745.280 0.0261734
746.004 0.0261569
746.727 0.0261406
747.450 0.0261245
748.173 0.0261086
748.896 0.0260929
749.618 0.0260775
750.340 0.0260623
751.062 0.0260474
751.784 0.0260327
752.506 0.0260183
753.227 0.0260041
753.948 0.0259902
754.669 0.0259766
755.389 0.0259633
756.110 0.0259502
756.830 0.0259374
757.550 0.0259248
758.269 0.0259125
758.989 0.0259005
759.708 0.0258888
760.427 0.0258773
761.146 0.0258661
761.864 0.0258551
762.582 0.0258444
763.300 0.0258339
764.018 0.0258237
764.736 0.0258137
765.453 0.0258040
766.170 0.0257945
766.887 0.0257851
767.603 0.0257760
768.320 0.0257671
769.036 0.0257584
769.751 0.0257499
770.467 0.0257416
771.182 0.0257334
771.897 0.0257254
772.612 0.0257175
773.327 0.0257097
774.041 0.0257021
774.755 0.0256946
775.469 0.0256872
776.183 0.0256799
776.896 0.0256726
777.609 0.0256654
778.322 0.0256583
779.035 0.0256512
779.747 0.0256442
780.459 0.0256372
781.171 0.0256301
781.882 0.0256231
782.594 0.0256160
783.305 0.0256090
784.016 0.0256018
784.726 0.0255947
785.436 0.0255874
786.147 0.0255801
786.856 0.0255727
787.566 0.0255652
788.275 0.0255576
788.984 0.0255499
789.693 0.0255420
790.401 0.0255341
791.110 0.0255259
791.818 0.0255176
792.525 0.0255092
793.233 0.0255006
793.940 0.0254918
794.647 0.0254828
795.353 0.0254737
796.060 0.0254643
796.766 0.0254547
797.472 0.0254449
798.177 0.0254350
798.883 0.0254247
799.588 0.0254143
800.292 0.0254037
800.997 0.0253928
801.701 0.0253817
802.405 0.0253703
803.109 0.0253588
803.812 0.0253470
804.515 0.0253349
805.218 0.0253226
805.921 0.0253101
806.623 0.0252974
807.325 0.0252845
808.027 0.0252713
808.728 0.0252579
809.429 0.0252443
810.130 0.0252304
810.831 0.0252164
811.531 0.0252021
812.231 0.0251877
812.931 0.0251730
813.630 0.0251582
814.330 0.0251432
815.029 0.0251280
815.727 0.0251127
816.426 0.0250972
817.124 0.0250815
817.821 0.0250658
818.519 0.0250498
819.216 0.0250338
819.913 0.0250176
820.609 0.0250014
821.306 0.0249850
822.002 0.0249686
822.697 0.0249521
823.393 0.0249356
824.088 0.0249189
824.783 0.0249023
825.477 0.0248856
826.171 0.0248689
826.865 0.0248522
827.559 0.0248355
828.252 0.0248189
828.945 0.0248022
829.638 0.0247856
830.330 0.0247691
831.023 0.0247526
831.714 0.0247362
832.406 0.0247198
833.097 0.0247036
833.788 0.0246875
834.479 0.0246715
835.169 0.0246556
835.859 0.0246399
836.548 0.0246243
837.238 0.0246089
837.927 0.0245937
838.615 0.0245786
839.304 0.0245637
839.992 0.0245491
840.680 0.0245346
841.367 0.0245204
842.054 0.0245064
842.741 0.0244926
843.428 0.0244791
844.114 0.0244658
844.800 0.0244528
845.485 0.0244401
846.170 0.0244276
846.855 0.0244154
847.540 0.0244035
848.224 0.0243919
848.908 0.0243806
849.592 0.0243695
850.275 0.0243588
850.958 0.0243484
851.641 0.0243383
852.323 0.0243285
853.005 0.0243190
853.687 0.0243099
854.368 0.0243010
855.049 0.0242925
855.730 0.0242843
856.410 0.0242764
857.090 0.0242688
857.769 0.0242616
858.449 0.0242547
859.128 0.0242481
859.806 0.0242418
860.485 0.0242358
861.163 0.0242301
861.840 0.0242248
862.518 0.0242197
863.195 0.0242150
863.871 0.0242105
864.548 0.0242063
865.224 0.0242024
865.899 0.0241989
866.574 0.0241955
867.249 0.0241925
867.924 0.0241897
868.598 0.0241871
869.272 0.0241849
869.946 0.0241828
870.619 0.0241810
871.292 0.0241794
871.964 0.0241781
872.636 0.0241769
873.308 0.0241760
873.979 0.0241752
874.651 0.0241747
875.321 0.0241743
875.992 0.0241740
876.662 0.0241740
877.331 0.0241740
878.001 0.0241742
878.670 0.0241746
879.338 0.0241750
880.007 0.0241756
880.675 0.0241763
881.342 0.0241770
882.009 0.0241778
882.676 0.0241787
883.343 0.0241797
884.009 0.0241806
884.675 0.0241817
885.340 0.0241827
886.005 0.0241838
886.670 0.0241848
887.334 0.0241859
887.998 0.0241869
888.662 0.0241879
889.325 0.0241889
889.988 0.0241898
890.650 0.0241906
891.312 0.0241914
891.974 0.0241921
892.636 0.0241927
893.297 0.0241932
893.957 0.0241936
894.618 0.0241939
895.278 0.0241941
895.937 0.0241941
896.596 0.0241940
897.255 0.0241937
897.914 0.0241933
898.572 0.0241927
899.230 0.0241919
899.887 0.0241910
900.544 0.0241898
901.201 0.0241884
901.857 0.0241869
902.513 0.0241851
903.168 0.0241831
903.823 0.0241809
904.478 0.0241785
905.132 0.0241758
905.786 0.0241729
906.440 0.0241697
907.093 0.0241663
907.746 0.0241626
908.399 0.0241587
909.051 0.0241545
909.703 0.0241500
910.354 0.0241453
911.005 0.0241403
911.656 0.0241350
912.306 0.0241294
912.956 0.0241236
913.605 0.0241175
914.254 0.0241111
914.903 0.0241044
915.551 0.0240974
916.199 0.0240902
916.847 0.0240827
917.494 0.0240748
918.141 0.0240667
918.788 0.0240583
919.434 0.0240497
920.079 0.0240407
920.725 0.0240315
921.370 0.0240220
922.014 0.0240122
922.658 0.0240022
923.302 0.0239919
923.946 0.0239813
924.589 0.0239704
925.231 0.0239593
925.873 0.0239480
926.515 0.0239364
927.157 0.0239245
927.798 0.0239124
928.439 0.0239001
929.079 0.0238875
929.719 0.0238747
930.359 0.0238617
930.998 0.0238485
931.637 0.0238350
932.275 0.0238214
932.913 0.0238075
933.551 0.0237935
934.188 0.0237793
934.825 0.0237649
935.462 0.0237503
936.098 0.0237356
936.733 0.0237207
937.369 0.0237056
938.004 0.0236904
938.638 0.0236751
939.273 0.0236597
939.907 0.0236441
940.540 0.0236284
941.173 0.0236126
941.806 0.0235967
942.438 0.0235808
943.070 0.0235647
943.702 0.0235486
944.333 0.0235324
944.964 0.0235162
945.594 0.0234999
946.224 0.0234836
946.854 0.0234672
947.483 0.0234509
948.112 0.0234345
948.741 0.0234181
949.369 0.0234017
949.996 0.0233853
950.624 0.0233690
951.251 0.0233527
951.878 0.0233364
952.504 0.0233201
953.130 0.0233039
953.755 0.0232878
954.380 0.0232718
955.005 0.0232558
955.629 0.0232399
956.253 0.0232241
956.877 0.0232084
957.500 0.0231928
958.123 0.0231773
958.746 0.0231620
959.368 0.0231468
959.990 0.0231317
960.611 0.0231184
961.232 0.0231053
961.853 0.0230924
962.473 0.0230796
963.093 0.0230669
963.712 0.0230545
964.331 0.0230422
964.950 0.0230301
965.569 0.0230182
966.187 0.0230065
966.804 0.0229950
967.422 0.0229837
968.039 0.0229726
968.655 0.0229618
969.272 0.0229511
969.887 0.0229407
970.503 0.0229305
971.118 0.0229206
971.733 0.0229109
972.347 0.0229014
972.961 0.0228922
973.575 0.0228833
974.188 0.0228746
974.801 0.0228662
975.414 0.0228580
976.026 0.0228501
976.638 0.0228425
977.250 0.0228351
977.861 0.0228280
978.472 0.0228213
979.083 0.0228147
979.693 0.0228085
980.303 0.0228026
980.912 0.0227969
981.521 0.0227915
982.130 0.0227864
982.738 0.0227816
983.346 0.0227771
983.954 0.0227729
984.562 0.0227690
985.169 0.0227654
985.775 0.0227620
986.382 0.0227590
986.988 0.0227562
987.594 0.0227538
988.199 0.0227516
988.804 0.0227497
989.409 0.0227481
990.013 0.0227468
990.617 0.0227458
991.221 0.0227451
991.824 0.0227446
992.427 0.0227445
993.030 0.0227446
993.632 0.0227450
994.234 0.0227456
994.836 0.0227466
995.438 0.0227478
996.039 0.0227493
996.640 0.0227510
997.240 0.0227530
997.840 0.0227553
998.440 0.0227578
999.040 0.0227606
999.639 0.0227636
1000.238 0.0227663
1000.836 0.0227684
1001.435 0.0227707
1002.033 0.0227733
1002.630 0.0227761
1003.228 0.0227792
1003.825 0.0227824
1004.422 0.0227859
1005.018 0.0227896
1005.614 0.0227935
1006.210 0.0227976
1006.806 0.0228019
1007.401 0.0228064
1007.996 0.0228111
1008.591 0.0228160
1009.186 0.0228211
1009.780 0.0228263
1010.374 0.0228317
1010.967 0.0228372
1011.561 0.0228430
1012.154 0.0228488
1012.746 0.0228548
1013.339 0.0228610
1013.931 0.0228672
1014.523 0.0228736
1015.115 0.0228802
1015.706 0.0228868
1016.298 0.0228935
1016.888 0.0229004
1017.479 0.0229073
1018.069 0.0229143
1018.660 0.0229215
1019.250 0.0229286
1019.839 0.0229359
1020.429 0.0229432
1021.018 0.0229506
1021.607 0.0229580
1022.195 0.0229655
1022.784 0.0229730
1023.372 0.0229806
1023.960 0.0229881
1024.547 0.0229957
1025.135 0.0230033
1025.722 0.0230109
1026.309 0.0230186
1026.896 0.0230262
1027.483 0.0230338
1028.069 0.0230414
1028.655 0.0230489
1029.241 0.0230565
1029.827 0.0230640
1030.412 0.0230714
1030.997 0.0230788
1031.582 0.0230862
1032.167 0.0230935
1032.752 0.0231007
1033.336 0.0231078
1033.921 0.0231149
1034.505 0.0231219
1035.089 0.0231288
1035.672 0.0231356
1036.256 0.0231424
1036.839 0.0231490
1037.422 0.0231555
1038.005 0.0231619
1038.588 0.0231681
1039.171 0.0231743
1039.753 0.0231803
1040.335 0.0231861
1040.918 0.0231919
1041.500 0.0231975
1042.081 0.0232029
1042.663 0.0232082
1043.244 0.0232133
1043.826 0.0232183
1044.407 0.0232230
1044.988 0.0232277
1045.569 0.0232321
1046.150 0.0232364
1046.730 0.0232404
1047.311 0.0232443
1047.891 0.0232480
1048.471 0.0232515
1049.052 0.0232548
1049.632 0.0232579
1050.211 0.0232607
1050.791 0.0232634
1051.371 0.0232659
1051.950 0.0232681
1052.530 0.0232701
1053.109 0.0232719
1053.688 0.0232735
1054.268 0.0232748
1054.847 0.0232759
1055.426 0.0232768
1056.005 0.0232774
1056.583 0.0232778
1057.162 0.0232780
1057.741 0.0232779
1058.319 0.0232775
1058.898 0.0232770
1059.476 0.0232761
1060.055 0.0232751
1060.633 0.0232737
1061.211 0.0232721
1061.790 0.0232703
1062.368 0.0232682
1062.946 0.0232658
1063.524 0.0232632
1064.102 0.0232603
1064.680 0.0232572
1065.258 0.0232538
1065.836 0.0232502
1066.414 0.0232462
1066.992 0.0232421
1067.570 0.0232376
1068.148 0.0232329
1068.726 0.0232280
1069.304 0.0232227
1069.882 0.0232172
1070.460 0.0232115
1071.038 0.0232055
1071.616 0.0231992
1072.194 0.0231927
1072.772 0.0231859
1073.350 0.0231788
1073.928 0.0231715
1074.506 0.0231639
1075.084 0.0231561
1075.662 0.0231480
1076.240 0.0231397
1076.819 0.0231311
1077.397 0.0231223
1077.976 0.0231132
1078.554 0.0231038
1079.133 0.0230943
1079.711 0.0230845
1080.290 0.0230744
1080.869 0.0230641
1081.448 0.0230535
1082.027 0.0230428
1082.606 0.0230318
1083.185 0.0230205
1083.764 0.0230091
1084.343 0.0229974
1084.923 0.0229855
1085.502 0.0229733
1086.082 0.0229610
1086.662 0.0229484
1087.242 0.0229356
1087.822 0.0229227
1088.402 0.0229095
1088.983 0.0228961
1089.563 0.0228825
1090.144 0.0228687
1090.725 0.0228547
1091.306 0.0228406
1091.887 0.0228263
1092.469 0.0228117
1093.050 0.0227970
1093.632 0.0227821
1094.214 0.0227671
1094.796 0.0227519
1095.379 0.0227365
1095.961 0.0227210
1096.544 0.0227053
1097.127 0.0226895
1097.710 0.0226735
1098.294 0.0226574
1098.877 0.0226412
1099.461 0.0226248
1100.046 0.0226083
1100.630 0.0225916
1101.215 0.0225749
1101.800 0.0225580
1102.385 0.0225410
1102.970 0.0225240
1103.556 0.0225068
1104.142 0.0224895
1104.728 0.0224722
1105.315 0.0224547
1105.902 0.0224372
1106.489 0.0224196
1107.077 0.0224019
1107.664 0.0223842
1108.253 0.0223664
1108.841 0.0223486
1109.430 0.0223306
1110.019 0.0223127
1110.609 0.0222947
1111.198 0.0222767
1111.789 0.0222586
1112.379 0.0222406
1112.970 0.0222225
1113.561 0.0222044
1114.153 0.0221862
1114.745 0.0221681
1115.338 0.0221500
1115.931 0.0221319
1116.524 0.0221138
1117.117 0.0220957
1117.712 0.0220776
1118.306 0.0220596
1118.901 0.0220416
1119.496 0.0220236
1120.092 0.0220057
1120.689 0.0219878
1121.285 0.0219700
1121.882 0.0219523
1122.480 0.0219346
1123.078 0.0219169
1123.677 0.0218994
1124.276 0.0218819
1124.875 0.0218645
1125.476 0.0218472
1126.076 0.0218301
1126.677 0.0218130
1127.279 0.0217960
1127.881 0.0217791
1128.484 0.0217623
1129.087 0.0217457
1129.691 0.0217292
1130.295 0.0217128
1130.900 0.0216966
1131.505 0.0216805
1132.111 0.0216645
1132.718 0.0216487
1133.325 0.0216331
1133.933 0.0216176
1134.541 0.0216023
1135.150 0.0215871
1135.760 0.0215722
1136.370 0.0215574
1136.981 0.0215428
1137.592 0.0215284
1138.204 0.0215142
1138.817 0.0215002
1139.431 0.0214863
1140.045 0.0214727
1140.660 0.0214593
1141.275 0.0214462
1141.891 0.0214332
1142.508 0.0214205
1143.126 0.0214080
1143.744 0.0213957
1144.363 0.0213837
1144.983 0.0213719
