432.689 0.0458435
433.621 0.0457051
434.552 0.0455681
435.482 0.0454324
436.410 0.0452981
437.337 0.0451651
438.262 0.0450335
439.187 0.0449031
440.110 0.0447740
441.031 0.0446462
441.952 0.0445196
442.871 0.0443942
443.789 0.0442700
444.705 0.0441471
445.621 0.0440252
446.535 0.0439046
447.447 0.0437852
448.359 0.0436667
449.269 0.0435495
450.178 0.0434333
451.086 0.0433181
451.993 0.0432040
452.898 0.0430910
453.803 0.0429789
454.706 0.0428679
455.608 0.0427579
456.508 0.0426490
457.408 0.0425409
458.306 0.0424339
459.204 0.0423277
460.100 0.0422225
460.995 0.0421182
461.888 0.0420150
462.781 0.0419125
463.673 0.0418109
464.563 0.0417103
465.452 0.0416105
466.340 0.0415116
467.228 0.0414134
468.114 0.0413161
468.999 0.0412196
469.882 0.0411241
470.765 0.0410292
471.647 0.0409352
472.528 0.0408419
473.407 0.0407495
474.286 0.0406577
475.163 0.0405668
476.040 0.0404765
476.915 0.0403871
477.790 0.0402983
478.663 0.0402103
479.535 0.0401230
480.407 0.0400363
481.277 0.0399504
482.147 0.0398651
483.015 0.0397805
483.883 0.0396965
484.749 0.0396132
485.615 0.0395305
486.479 0.0394486
487.343 0.0393671
488.206 0.0392863
489.067 0.0392062
489.928 0.0391267
490.788 0.0390477
491.647 0.0389693
492.505 0.0388915
493.362 0.0388143
494.218 0.0387377
495.073 0.0386617
495.928 0.0385861
496.781 0.0385112
497.634 0.0384368
498.486 0.0383629
499.337 0.0382895
500.187 0.0382168
501.036 0.0381445
501.884 0.0380728
502.731 0.0380016
503.578 0.0379309
504.424 0.0378607
505.268 0.0377911
506.113 0.0377218
506.956 0.0376532
507.798 0.0375850
508.640 0.0375173
509.480 0.0374502
510.320 0.0373834
511.160 0.0373171
511.998 0.0372513
512.836 0.0371859
513.672 0.0371211
514.508 0.0370567
515.344 0.0369926
516.178 0.0369291
517.012 0.0368659
517.845 0.0368032
518.677 0.0367410
519.508 0.0366791
520.339 0.0366176
521.169 0.0365565
521.998 0.0364959
522.826 0.0364356
523.654 0.0363757
524.481 0.0363162
525.307 0.0362571
526.133 0.0361982
526.958 0.0361398
527.782 0.0360817
528.605 0.0360241
529.428 0.0359667
530.250 0.0359097
531.072 0.0358529
531.892 0.0357966
532.712 0.0357406
533.532 0.0356849
534.350 0.0356296
535.168 0.0355746
535.986 0.0355199
536.802 0.0354656
537.618 0.0354115
538.434 0.0353578
539.249 0.0353044
540.063 0.0352513
540.876 0.0351986
541.689 0.0351461
542.501 0.0350940
543.313 0.0350422
544.124 0.0349908
544.934 0.0349396
545.744 0.0348888
546.553 0.0348383
547.361 0.0347881
548.169 0.0347382
548.976 0.0346887
549.783 0.0346394
550.589 0.0345905
551.395 0.0345418
552.200 0.0344935
553.004 0.0344455
553.808 0.0343978
554.611 0.0343504
555.414 0.0343033
556.216 0.0342565
557.018 0.0342099
557.819 0.0341637
558.619 0.0341178
559.419 0.0340721
560.218 0.0340267
561.017 0.0339816
561.815 0.0339367
562.613 0.0338921
563.410 0.0338478
564.207 0.0338037
565.003 0.0337598
565.799 0.0337162
566.594 0.0336728
567.388 0.0336296
568.182 0.0335867
568.976 0.0335439
569.769 0.0335014
570.562 0.0334591
571.354 0.0334169
572.145 0.0333750
572.936 0.0333333
573.727 0.0332917
574.517 0.0332503
575.307 0.0332091
576.096 0.0331681
576.885 0.0331272
577.673 0.0330866
578.461 0.0330460
579.248 0.0330057
580.035 0.0329655
580.821 0.0329255
581.607 0.0328856
582.392 0.0328459
583.177 0.0328064
583.962 0.0327670
584.746 0.0327278
585.529 0.0326888
586.313 0.0326499
587.095 0.0326113
587.878 0.0325727
588.660 0.0325344
589.441 0.0324963
590.222 0.0324583
591.003 0.0324205
591.783 0.0323829
592.563 0.0323455
593.342 0.0323083
594.121 0.0322713
594.899 0.0322345
595.678 0.0321979
596.455 0.0321615
597.233 0.0321253
598.009 0.0320894
598.786 0.0320537
599.562 0.0320181
600.338 0.0319828
601.113 0.0319478
601.888 0.0319129
602.663 0.0318783
603.437 0.0318439
604.211 0.0318098
604.984 0.0317759
605.757 0.0317421
606.530 0.0317086
607.302 0.0316754
608.074 0.0316424
608.845 0.0316096
609.616 0.0315770
610.387 0.0315445
611.158 0.0315123
611.928 0.0314804
612.697 0.0314486
613.467 0.0314170
614.236 0.0313856
615.004 0.0313544
615.773 0.0313233
616.541 0.0312924
617.308 0.0312617
618.076 0.0312311
618.843 0.0312007
619.609 0.0311704
620.375 0.0311403
621.141 0.0311102
621.907 0.0310803
622.672 0.0310506
623.437 0.0310209
624.202 0.0309913
624.966 0.0309618
625.730 0.0309324
626.493 0.0309030
627.257 0.0308738
628.020 0.0308446
628.782 0.0308154
629.545 0.0307863
630.307 0.0307573
631.068 0.0307283
631.830 0.0306994
632.591 0.0306705
633.352 0.0306416
634.112 0.0306128
634.872 0.0305840
635.632 0.0305552
636.392 0.0305264
637.151 0.0304977
637.910 0.0304690
638.668 0.0304404
639.427 0.0304118
640.185 0.0303832
640.943 0.0303546
641.700 0.0303261
642.457 0.0302976
643.214 0.0302692
643.971 0.0302408
644.727 0.0302125
645.483 0.0301842
646.239 0.0301560
646.994 0.0301279
647.750 0.0300998
648.505 0.0300719
649.259 0.0300440
650.014 0.0300162
650.768 0.0299885
651.521 0.0299610
652.275 0.0299335
653.028 0.0299062
653.781 0.0298790
654.534 0.0298520
655.286 0.0298251
656.039 0.0297983
656.791 0.0297717
657.542 0.0297453
658.294 0.0297191
659.045 0.0296930
659.796 0.0296671
660.546 0.0296415
661.297 0.0296159
662.047 0.0295907
662.796 0.0295656
663.546 0.0295407
664.295 0.0295160
665.044 0.0294916
665.793 0.0294674
666.542 0.0294433
667.290 0.0294195
668.038 0.0293960
668.786 0.0293726
669.533 0.0293495
670.281 0.0293266
671.028 0.0293039
671.774 0.0292814
672.521 0.0292591
673.267 0.0292371
674.013 0.0292152
674.759 0.0291936
675.505 0.0291721
676.250 0.0291508
676.995 0.0291297
677.740 0.0291088
678.484 0.0290881
679.229 0.0290675
679.973 0.0290471
680.717 0.0290268
681.460 0.0290067
682.204 0.0289867
682.947 0.0289668
683.690 0.0289471
684.433 0.0289274
685.175 0.0289078
685.917 0.0288884
686.659 0.0288689
687.401 0.0288496
688.142 0.0288303
688.884 0.0288110
689.625 0.0287918
690.365 0.0287727
691.106 0.0287535
691.846 0.0287343
692.586 0.0287152
693.326 0.0286960
694.066 0.0286768
694.805 0.0286576
695.545 0.0286383
696.284 0.0286190
697.022 0.0285996
697.761 0.0285802
698.499 0.0285607
699.237 0.0285412
699.975 0.0285216
700.713 0.0285019
701.450 0.0284821
702.187 0.0284622
702.924 0.0284422
703.661 0.0284222
704.397 0.0284020
705.133 0.0283818
705.869 0.0283615
706.605 0.0283410
707.341 0.0283204
708.076 0.0282998
708.811 0.0282791
709.546 0.0282583
710.281 0.0282373
711.015 0.0282164
711.749 0.0281953
712.483 0.0281741
713.217 0.0281529
713.950 0.0281316
714.684 0.0281102
715.417 0.0280888
716.150 0.0280674
716.882 0.0280459
717.615 0.0280243
718.347 0.0280028
719.079 0.0279812
719.811 0.0279596
720.542 0.0279381
721.273 0.0279165
722.005 0.0278949
722.735 0.0278734
723.466 0.0278520
724.196 0.0278306
724.927 0.0278092
725.656 0.0277879
726.386 0.0277667
727.116 0.0277456
727.845 0.0277246
728.574 0.0277037
729.303 0.0276830
730.031 0.0276623
730.760 0.0276418
731.488 0.0276215
732.216 0.0276013
732.944 0.0275813
733.671 0.0275615
734.398 0.0275419
735.125 0.0275225
735.852 0.0275032
736.579 0.0274842
737.305 0.0274654
738.031 0.0274469
738.757 0.0274286
739.483 0.0274105
740.208 0.0273926
740.933 0.0273750
741.658 0.0273577
742.383 0.0273406
743.108 0.0273237
743.832 0.0273072
744.556 0.0272909
745.280 0.0272748
746.004 0.0272591
746.727 0.0272436
747.450 0.0272283
748.173 0.0272134
748.896 0.0271987
749.618 0.0271842
750.340 0.0271701
751.062 0.0271561
751.784 0.0271424
752.506 0.0271290
753.227 0.0271158
753.948 0.0271029
754.669 0.0270902
755.389 0.0270777
756.110 0.0270654
756.830 0.0270534
757.550 0.0270415
758.269 0.0270299
758.989 0.0270184
759.708 0.0270071
760.427 0.0269960
761.146 0.0269850
761.864 0.0269742
762.582 0.0269636
763.300 0.0269530
764.018 0.0269426
764.736 0.0269323
765.453 0.0269220
766.170 0.0269119
766.887 0.0269018
767.603 0.0268918
768.320 0.0268819
769.036 0.0268720
769.751 0.0268621
770.467 0.0268522
771.182 0.0268423
771.897 0.0268325
772.612 0.0268226
773.327 0.0268126
774.041 0.0268027
774.755 0.0267926
775.469 0.0267825
776.183 0.0267724
776.896 0.0267621
777.609 0.0267518
778.322 0.0267413
779.035 0.0267308
779.747 0.0267201
780.459 0.0267093
781.171 0.0266983
781.882 0.0266872
782.594 0.0266760
783.305 0.0266645
784.016 0.0266529
784.726 0.0266412
785.436 0.0266292
786.147 0.0266171
786.856 0.0266048
787.566 0.0265922
788.275 0.0265795
788.984 0.0265666
789.693 0.0265534
790.401 0.0265401
791.110 0.0265265
791.818 0.0265127
792.525 0.0264987
793.233 0.0264845
793.940 0.0264701
794.647 0.0264555
795.353 0.0264406
796.060 0.0264256
796.766 0.0264103
797.472 0.0263949
798.177 0.0263792
798.883 0.0263633
799.588 0.0263473
800.292 0.0263311
800.997 0.0263146
801.701 0.0262980
802.405 0.0262813
803.109 0.0262643
803.812 0.0262472
804.515 0.0262300
805.218 0.0262126
805.921 0.0261951
806.623 0.0261774
807.325 0.0261597
808.027 0.0261418
808.728 0.0261238
809.429 0.0261058
810.130 0.0260876
810.831 0.0260694
811.531 0.0260512
812.231 0.0260329
812.931 0.0260145
813.630 0.0259961
814.330 0.0259777
815.029 0.0259593
815.727 0.0259410
816.426 0.0259226
817.124 0.0259042
817.821 0.0258860
818.519 0.0258677
819.216 0.0258495
819.913 0.0258314
820.609 0.0258134
821.306 0.0257954
822.002 0.0257776
822.697 0.0257599
823.393 0.0257423
824.088 0.0257249
824.783 0.0257076
825.477 0.0256905
826.171 0.0256736
826.865 0.0256568
827.559 0.0256402
828.252 0.0256238
828.945 0.0256077
829.638 0.0255917
830.330 0.0255760
831.023 0.0255605
831.714 0.0255453
832.406 0.0255302
833.097 0.0255155
833.788 0.0255010
834.479 0.0254868
835.169 0.0254729
835.859 0.0254592
836.548 0.0254459
837.238 0.0254328
837.927 0.0254200
838.615 0.0254076
839.304 0.0253954
839.992 0.0253835
840.680 0.0253720
841.367 0.0253608
842.054 0.0253498
842.741 0.0253392
843.428 0.0253289
844.114 0.0253190
844.800 0.0253093
845.485 0.0253000
846.170 0.0252910
846.855 0.0252823
847.540 0.0252739
848.224 0.0252658
848.908 0.0252580
849.592 0.0252506
850.275 0.0252434
850.958 0.0252366
851.641 0.0252300
852.323 0.0252238
853.005 0.0252178
853.687 0.0252121
854.368 0.0252067
855.049 0.0252015
855.730 0.0251967
856.410 0.0251921
857.090 0.0251877
857.769 0.0251836
858.449 0.0251797
859.128 0.0251760
859.806 0.0251726
860.485 0.0251694
861.163 0.0251664
861.840 0.0251635
862.518 0.0251609
863.195 0.0251585
863.871 0.0251562
864.548 0.0251541
865.224 0.0251521
865.899 0.0251503
866.574 0.0251486
867.249 0.0251470
867.924 0.0251455
868.598 0.0251441
869.272 0.0251429
869.946 0.0251416
870.619 0.0251405
871.292 0.0251394
871.964 0.0251384
872.636 0.0251374
873.308 0.0251364
873.979 0.0251355
874.651 0.0251345
875.321 0.0251336
875.992 0.0251326
876.662 0.0251316
877.331 0.0251306
878.001 0.0251295
878.670 0.0251284
879.338 0.0251272
880.007 0.0251259
880.675 0.0251245
881.342 0.0251230
882.009 0.0251215
882.676 0.0251198
883.343 0.0251180
884.009 0.0251160
884.675 0.0251139
885.340 0.0251117
886.005 0.0251093
886.670 0.0251068
887.334 0.0251040
887.998 0.0251011
888.662 0.0250980
889.325 0.0250947
889.988 0.0250912
890.650 0.0250875
891.312 0.0250836
891.974 0.0250794
892.636 0.0250750
893.297 0.0250704
893.957 0.0250656
894.618 0.0250605
895.278 0.0250551
895.937 0.0250496
896.596 0.0250437
897.255 0.0250376
897.914 0.0250312
898.572 0.0250246
899.230 0.0250177
899.887 0.0250106
900.544 0.0250031
901.201 0.0249954
901.857 0.0249874
902.513 0.0249792
903.168 0.0249706
903.823 0.0249618
904.478 0.0249527
905.132 0.0249434
905.786 0.0249338
906.440 0.0249238
907.093 0.0249137
907.746 0.0249032
908.399 0.0248925
909.051 0.0248815
909.703 0.0248702
910.354 0.0248587
911.005 0.0248469
911.656 0.0248349
912.306 0.0248226
912.956 0.0248100
913.605 0.0247972
914.254 0.0247842
914.903 0.0247709
915.551 0.0247574
916.199 0.0247437
916.847 0.0247298
917.494 0.0247156
918.141 0.0247012
918.788 0.0246866
919.434 0.0246719
920.079 0.0246569
920.725 0.0246417
921.370 0.0246264
922.014 0.0246109
922.658 0.0245952
923.302 0.0245794
923.946 0.0245634
924.589 0.0245472
925.231 0.0245310
925.873 0.0245146
926.515 0.0244981
927.157 0.0244814
927.798 0.0244647
928.439 0.0244479
929.079 0.0244310
929.719 0.0244140
930.359 0.0243969
930.998 0.0243798
931.637 0.0243626
932.275 0.0243453
932.913 0.0243281
933.551 0.0243107
934.188 0.0242934
934.825 0.0242761
935.462 0.0242587
936.098 0.0242414
936.733 0.0242241
937.369 0.0242068
938.004 0.0241895
938.638 0.0241723
939.273 0.0241550
939.907 0.0241379
940.540 0.0241208
941.173 0.0241039
941.806 0.0240869
942.438 0.0240701
943.070 0.0240534
943.702 0.0240367
944.333 0.0240202
944.964 0.0240038
945.594 0.0239875
946.224 0.0239714
946.854 0.0239554
947.483 0.0239396
948.112 0.0239239
948.741 0.0239084
949.369 0.0238930
949.996 0.0238779
950.624 0.0238629
951.251 0.0238481
951.878 0.0238335
952.504 0.0238191
953.130 0.0238049
953.755 0.0237909
954.380 0.0237772
955.005 0.0237637
955.629 0.0237504
956.253 0.0237373
956.877 0.0237245
957.500 0.0237119
958.123 0.0236996
958.746 0.0236876
959.368 0.0236758
959.990 0.0236642
960.611 0.0236549
961.232 0.0236458
961.853 0.0236370
962.473 0.0236285
963.093 0.0236202
963.712 0.0236122
964.331 0.0236045
964.950 0.0235970
965.569 0.0235899
966.187 0.0235830
966.804 0.0235764
967.422 0.0235701
968.039 0.0235641
968.655 0.0235584
969.272 0.0235530
969.887 0.0235478
970.503 0.0235430
971.118 0.0235384
971.733 0.0235342
972.347 0.0235302
972.961 0.0235266
973.575 0.0235232
974.188 0.0235201
974.801 0.0235173
975.414 0.0235148
976.026 0.0235126
976.638 0.0235107
977.250 0.0235091
977.861 0.0235077
978.472 0.0235066
979.083 0.0235059
979.693 0.0235054
980.303 0.0235051
980.912 0.0235052
981.521 0.0235055
982.130 0.0235061
982.738 0.0235070
983.346 0.0235081
983.954 0.0235095
984.562 0.0235111
985.169 0.0235130
985.775 0.0235152
986.382 0.0235175
986.988 0.0235202
987.594 0.0235230
988.199 0.0235261
988.804 0.0235295
989.409 0.0235330
990.013 0.0235368
990.617 0.0235408
991.221 0.0235450
991.824 0.0235494
992.427 0.0235540
993.030 0.0235588
993.632 0.0235638
994.234 0.0235690
994.836 0.0235744
995.438 0.0235799
996.039 0.0235856
996.640 0.0235915
997.240 0.0235975
997.840 0.0236036
998.440 0.0236100
999.040 0.0236164
999.639 0.0236230
1000.238 0.0236291
1000.836 0.0236343
1001.435 0.0236396
1002.033 0.0236451
1002.630 0.0236506
1003.228 0.0236563
1003.825 0.0236620
1004.422 0.0236679
1005.018 0.0236738
1005.614 0.0236798
1006.210 0.0236858
1006.806 0.0236920
1007.401 0.0236981
1007.996 0.0237044
1008.591 0.0237106
1009.186 0.0237170
1009.780 0.0237233
1010.374 0.0237297
1010.967 0.0237360
1011.561 0.0237424
1012.154 0.0237488
1012.746 0.0237552
1013.339 0.0237616
1013.931 0.0237679
1014.523 0.0237743
1015.115 0.0237806
1015.706 0.0237869
1016.298 0.0237931
1016.888 0.0237993
1017.479 0.0238055
1018.069 0.0238116
1018.660 0.0238176
1019.250 0.0238235
1019.839 0.0238294
1020.429 0.0238352
1021.018 0.0238409
1021.607 0.0238465
1022.195 0.0238520
1022.784 0.0238574
1023.372 0.0238627
1023.960 0.0238679
1024.547 0.0238730
1025.135 0.0238779
1025.722 0.0238827
1026.309 0.0238874
1026.896 0.0238919
1027.483 0.0238963
1028.069 0.0239006
1028.655 0.0239046
1029.241 0.0239085
1029.827 0.0239123
1030.412 0.0239159
1030.997 0.0239193
1031.582 0.0239225
1032.167 0.0239256
1032.752 0.0239285
1033.336 0.0239311
1033.921 0.0239336
1034.505 0.0239359
1035.089 0.0239380
1035.672 0.0239399
1036.256 0.0239415
1036.839 0.0239430
1037.422 0.0239443
1038.005 0.0239453
1038.588 0.0239461
1039.171 0.0239467
1039.753 0.0239471
1040.335 0.0239472
1040.918 0.0239471
1041.500 0.0239468
1042.081 0.0239462
1042.663 0.0239454
1043.244 0.0239444
1043.826 0.0239431
1044.407 0.0239416
1044.988 0.0239398
1045.569 0.0239378
1046.150 0.0239355
1046.730 0.0239330
1047.311 0.0239302
1047.891 0.0239272
1048.471 0.0239239
1049.052 0.0239204
1049.632 0.0239166
1050.211 0.0239126
1050.791 0.0239083
1051.371 0.0239038
1051.950 0.0238990
1052.530 0.0238939
1053.109 0.0238886
1053.688 0.0238830
1054.268 0.0238772
1054.847 0.0238711
1055.426 0.0238647
1056.005 0.0238581
1056.583 0.0238513
1057.162 0.0238442
1057.741 0.0238368
1058.319 0.0238292
1058.898 0.0238213
1059.476 0.0238132
1060.055 0.0238048
1060.633 0.0237962
1061.211 0.0237874
1061.790 0.0237782
1062.368 0.0237689
1062.946 0.0237593
1063.524 0.0237495
1064.102 0.0237394
1064.680 0.0237291
1065.258 0.0237185
1065.836 0.0237077
1066.414 0.0236967
1066.992 0.0236855
1067.570 0.0236740
1068.148 0.0236623
1068.726 0.0236504
1069.304 0.0236383
1069.882 0.0236259
1070.460 0.0236134
1071.038 0.0236006
1071.616 0.0235876
1072.194 0.0235744
1072.772 0.0235611
1073.350 0.0235475
1073.928 0.0235337
1074.506 0.0235198
1075.084 0.0235056
1075.662 0.0234913
1076.240 0.0234768
1076.819 0.0234621
1077.397 0.0234472
1077.976 0.0234322
1078.554 0.0234170
1079.133 0.0234017
1079.711 0.0233862
1080.290 0.0233705
1080.869 0.0233547
1081.448 0.0233387
1082.027 0.0233226
1082.606 0.0233064
1083.185 0.0232900
1083.764 0.0232735
1084.343 0.0232569
1084.923 0.0232402
1085.502 0.0232233
1086.082 0.0232063
1086.662 0.0231893
1087.242 0.0231721
1087.822 0.0231548
1088.402 0.0231375
1088.983 0.0231200
1089.563 0.0231025
1090.144 0.0230849
1090.725 0.0230672
1091.306 0.0230495
1091.887 0.0230317
1092.469 0.0230138
1093.050 0.0229959
1093.632 0.0229779
1094.214 0.0229599
1094.796 0.0229418
1095.379 0.0229237
1095.961 0.0229056
1096.544 0.0228875
1097.127 0.0228693
1097.710 0.0228511
1098.294 0.0228329
1098.877 0.0228148
1099.461 0.0227966
1100.046 0.0227784
1100.630 0.0227602
1101.215 0.0227420
1101.800 0.0227239
1102.385 0.0227058
1102.970 0.0226877
1103.556 0.0226697
1104.142 0.0226517
1104.728 0.0226338
1105.315 0.0226158
1105.902 0.0225980
1106.489 0.0225802
1107.077 0.0225625
1107.664 0.0225449
1108.253 0.0225273
1108.841 0.0225098
1109.430 0.0224924
1110.019 0.0224751
1110.609 0.0224579
1111.198 0.0224408
1111.789 0.0224238
1112.379 0.0224069
1112.970 0.0223901
1113.561 0.0223734
1114.153 0.0223569
1114.745 0.0223405
1115.338 0.0223242
1115.931 0.0223081
1116.524 0.0222921
1117.117 0.0222763
1117.712 0.0222605
1118.306 0.0222450
1118.901 0.0222296
1119.496 0.0222144
1120.092 0.0221994
1120.689 0.0221845
1121.285 0.0221698
1121.882 0.0221553
1122.480 0.0221410
1123.078 0.0221269
1123.677 0.0221130
1124.276 0.0220992
1124.875 0.0220857
1125.476 0.0220724
1126.076 0.0220593
1126.677 0.0220464
1127.279 0.0220337
1127.881 0.0220212
1128.484 0.0220090
1129.087 0.0219970
1129.691 0.0219852
1130.295 0.0219737
1130.900 0.0219624
1131.505 0.0219513
1132.111 0.0219405
1132.718 0.0219299
1133.325 0.0219196
1133.933 0.0219096
1134.541 0.0218998
1135.150 0.0218902
1135.760 0.0218810
1136.370 0.0218720
1136.981 0.0218632
1137.592 0.0218548
1138.204 0.0218466
1138.817 0.0218386
1139.431 0.0218310
1140.045 0.0218236
1140.660 0.0218166
1141.275 0.0218098
1141.891 0.0218033
1142.508 0.0217970
1143.126 0.0217911
1143.744 0.0217855
1144.363 0.0217801
1144.983 0.0217751
