432.689 0.0448076
433.621 0.0446735
434.552 0.0445408
435.482 0.0444094
436.410 0.0442794
437.337 0.0441506
438.262 0.0440232
439.187 0.0438969
440.110 0.0437720
441.031 0.0436484
441.952 0.0435258
442.871 0.0434045
443.789 0.0432843
444.705 0.0431654
445.621 0.0430474
446.535 0.0429307
447.447 0.0428152
448.359 0.0427006
449.269 0.0425872
450.178 0.0424748
451.086 0.0423635
451.993 0.0422531
452.898 0.0421439
453.803 0.0420355
454.706 0.0419282
455.608 0.0418218
456.508 0.0417166
457.408 0.0416121
458.306 0.0415087
459.204 0.0414060
460.100 0.0413044
460.995 0.0412036
461.888 0.0411039
462.781 0.0410049
463.673 0.0409067
464.563 0.0408095
465.452 0.0407132
466.340 0.0406176
467.228 0.0405228
468.114 0.0404289
468.999 0.0403358
469.882 0.0402435
470.765 0.0401519
471.647 0.0400611
472.528 0.0399711
473.407 0.0398819
474.286 0.0397933
475.163 0.0397055
476.040 0.0396184
476.915 0.0395321
477.790 0.0394463
478.663 0.0393614
479.535 0.0392771
480.407 0.0391934
481.277 0.0391105
482.147 0.0390281
483.015 0.0389465
483.883 0.0388654
484.749 0.0387850
485.615 0.0387052
486.479 0.0386261
487.343 0.0385475
488.206 0.0384695
489.067 0.0383923
489.928 0.0383155
490.788 0.0382393
491.647 0.0381637
492.505 0.0380887
493.362 0.0380143
494.218 0.0379404
495.073 0.0378671
495.928 0.0377943
496.781 0.0377221
497.634 0.0376504
498.486 0.0375792
499.337 0.0375086
500.187 0.0374385
501.036 0.0373690
501.884 0.0372999
502.731 0.0372314
503.578 0.0371633
504.424 0.0370958
505.268 0.0370288
506.113 0.0369621
506.956 0.0368960
507.798 0.0368304
508.640 0.0367652
509.480 0.0367006
510.320 0.0366363
511.160 0.0365724
511.998 0.0365091
512.836 0.0364461
513.672 0.0363836
514.508 0.0363215
515.344 0.0362598
516.178 0.0361985
517.012 0.0361376
517.845 0.0360771
518.677 0.0360170
519.508 0.0359573
520.339 0.0358979
521.169 0.0358389
521.998 0.0357803
522.826 0.0357221
523.654 0.0356643
524.481 0.0356068
525.307 0.0355497
526.133 0.0354928
526.958 0.0354364
527.782 0.0353804
528.605 0.0353247
529.428 0.0352694
530.250 0.0352144
531.072 0.0351597
531.892 0.0351055
532.712 0.0350515
533.532 0.0349979
534.350 0.0349447
535.168 0.0348918
535.986 0.0348393
536.802 0.0347871
537.618 0.0347353
538.434 0.0346837
539.249 0.0346325
540.063 0.0345817
540.876 0.0345313
541.689 0.0344811
542.501 0.0344313
543.313 0.0343817
544.124 0.0343325
544.934 0.0342837
545.744 0.0342351
546.553 0.0341869
547.361 0.0341389
548.169 0.0340913
548.976 0.0340439
549.783 0.0339968
550.589 0.0339500
551.395 0.0339035
552.200 0.0338572
553.004 0.0338112
553.808 0.0337654
554.611 0.0337200
555.414 0.0336747
556.216 0.0336296
557.018 0.0335848
557.819 0.0335403
558.619 0.0334959
559.419 0.0334518
560.218 0.0334079
561.017 0.0333642
561.815 0.0333207
562.613 0.0332774
563.410 0.0332343
564.207 0.0331914
565.003 0.0331487
565.799 0.0331062
566.594 0.0330639
567.388 0.0330218
568.182 0.0329799
568.976 0.0329382
569.769 0.0328967
570.562 0.0328553
571.354 0.0328142
572.145 0.0327733
572.936 0.0327326
573.727 0.0326921
574.517 0.0326519
575.307 0.0326118
576.096 0.0325719
576.885 0.0325323
577.673 0.0324929
578.461 0.0324537
579.248 0.0324148
580.035 0.0323761
580.821 0.0323377
581.607 0.0322994
582.392 0.0322614
583.177 0.0322237
583.962 0.0321862
584.746 0.0321489
585.529 0.0321119
586.313 0.0320751
587.095 0.0320386
587.878 0.0320023
588.660 0.0319662
589.441 0.0319304
590.222 0.0318949
591.003 0.0318595
591.783 0.0318244
592.563 0.0317895
593.342 0.0317548
594.121 0.0317203
594.899 0.0316861
595.678 0.0316520
596.455 0.0316182
597.233 0.0315845
598.009 0.0315510
598.786 0.0315177
599.562 0.0314846
600.338 0.0314516
601.113 0.0314187
601.888 0.0313861
602.663 0.0313535
603.437 0.0313211
604.211 0.0312888
604.984 0.0312566
605.757 0.0312245
606.530 0.0311926
607.302 0.0311607
608.074 0.0311289
608.845 0.0310972
609.616 0.0310656
610.387 0.0310341
611.158 0.0310026
611.928 0.0309712
612.697 0.0309399
613.467 0.0309086
614.236 0.0308774
615.004 0.0308463
615.773 0.0308152
616.541 0.0307841
617.308 0.0307532
618.076 0.0307223
618.843 0.0306914
619.609 0.0306607
620.375 0.0306300
621.141 0.0305994
621.907 0.0305688
622.672 0.0305384
623.437 0.0305081
624.202 0.0304778
624.966 0.0304476
625.730 0.0304176
626.493 0.0303877
627.257 0.0303578
628.020 0.0303282
628.782 0.0302986
629.545 0.0302692
630.307 0.0302400
631.068 0.0302109
631.830 0.0301819
632.591 0.0301532
633.352 0.0301246
634.112 0.0300962
634.872 0.0300680
635.632 0.0300400
636.392 0.0300122
637.151 0.0299846
637.910 0.0299572
638.668 0.0299301
639.427 0.0299031
640.185 0.0298763
640.943 0.0298498
641.700 0.0298235
642.457 0.0297974
643.214 0.0297716
643.971 0.0297459
644.727 0.0297205
645.483 0.0296954
646.239 0.0296704
646.994 0.0296456
647.750 0.0296210
648.505 0.0295967
649.259 0.0295725
650.014 0.0295486
650.768 0.0295248
651.521 0.0295012
652.275 0.0294778
653.028 0.0294545
653.781 0.0294314
654.534 0.0294084
655.286 0.0293856
656.039 0.0293628
656.791 0.0293403
657.542 0.0293178
658.294 0.0292954
659.045 0.0292731
659.796 0.0292508
660.546 0.0292287
661.297 0.0292066
662.047 0.0291845
662.796 0.0291625
663.546 0.0291405
664.295 0.0291185
665.044 0.0290965
665.793 0.0290745
666.542 0.0290525
667.290 0.0290305
668.038 0.0290084
668.786 0.0289864
669.533 0.0289643
670.281 0.0289421
671.028 0.0289199
671.774 0.0288976
672.521 0.0288753
673.267 0.0288529
674.013 0.0288305
674.759 0.0288080
675.505 0.0287854
676.250 0.0287628
676.995 0.0287401
677.740 0.0287173
678.484 0.0286945
679.229 0.0286716
679.973 0.0286486
680.717 0.0286257
681.460 0.0286026
682.204 0.0285795
682.947 0.0285564
683.690 0.0285333
684.433 0.0285102
685.175 0.0284870
685.917 0.0284638
686.659 0.0284407
687.401 0.0284175
688.142 0.0283944
688.884 0.0283713
689.625 0.0283483
690.365 0.0283254
691.106 0.0283024
691.846 0.0282796
692.586 0.0282569
693.326 0.0282342
694.066 0.0282117
694.805 0.0281893
695.545 0.0281670
696.284 0.0281449
697.022 0.0281229
697.761 0.0281011
698.499 0.0280795
699.237 0.0280580
699.975 0.0280368
700.713 0.0280157
701.450 0.0279949
702.187 0.0279742
702.924 0.0279538
703.661 0.0279336
704.397 0.0279137
705.133 0.0278940
705.869 0.0278746
706.605 0.0278554
707.341 0.0278364
708.076 0.0278178
708.811 0.0277993
709.546 0.0277812
710.281 0.0277633
711.015 0.0277456
711.749 0.0277283
712.483 0.0277111
713.217 0.0276943
713.950 0.0276777
714.684 0.0276613
715.417 0.0276451
716.150 0.0276292
716.882 0.0276136
717.615 0.0275981
718.347 0.0275829
719.079 0.0275679
719.811 0.0275531
720.542 0.0275385
721.273 0.0275240
722.005 0.0275097
722.735 0.0274956
723.466 0.0274816
724.196 0.0274678
724.927 0.0274541
725.656 0.0274405
726.386 0.0274270
727.116 0.0274136
727.845 0.0274003
728.574 0.0273870
729.303 0.0273738
730.031 0.0273606
730.760 0.0273474
731.488 0.0273342
732.216 0.0273211
732.944 0.0273079
733.671 0.0272947
734.398 0.0272814
735.125 0.0272681
735.852 0.0272547
736.579 0.0272413
737.305 0.0272277
738.031 0.0272141
738.757 0.0272004
739.483 0.0271865
740.208 0.0271725
740.933 0.0271584
741.658 0.0271441
742.383 0.0271296
743.108 0.0271150
743.832 0.0271003
744.556 0.0270854
745.280 0.0270703
746.004 0.0270550
746.727 0.0270395
747.450 0.0270239
748.173 0.0270080
748.896 0.0269920
749.618 0.0269758
750.340 0.0269594
751.062 0.0269428
751.784 0.0269260
752.506 0.0269090
753.227 0.0268918
753.948 0.0268745
754.669 0.0268570
755.389 0.0268393
756.110 0.0268215
756.830 0.0268035
757.550 0.0267853
758.269 0.0267671
758.989 0.0267486
759.708 0.0267301
760.427 0.0267114
761.146 0.0266927
761.864 0.0266738
762.582 0.0266549
763.300 0.0266359
764.018 0.0266168
764.736 0.0265976
765.453 0.0265785
766.170 0.0265593
766.887 0.0265401
767.603 0.0265209
768.320 0.0265017
769.036 0.0264825
769.751 0.0264634
770.467 0.0264444
771.182 0.0264254
771.897 0.0264065
772.612 0.0263876
773.327 0.0263689
774.041 0.0263503
774.755 0.0263319
775.469 0.0263136
776.183 0.0262954
776.896 0.0262775
777.609 0.0262597
778.322 0.0262421
779.035 0.0262247
779.747 0.0262075
780.459 0.0261906
781.171 0.0261739
781.882 0.0261575
782.594 0.0261412
783.305 0.0261253
784.016 0.0261097
784.726 0.0260943
785.436 0.0260792
786.147 0.0260644
786.856 0.0260500
787.566 0.0260358
788.275 0.0260219
788.984 0.0260084
789.693 0.0259952
790.401 0.0259823
791.110 0.0259697
791.818 0.0259574
792.525 0.0259455
793.233 0.0259339
793.940 0.0259226
794.647 0.0259117
795.353 0.0259011
796.060 0.0258907
796.766 0.0258807
797.472 0.0258711
798.177 0.0258617
798.883 0.0258526
799.588 0.0258438
800.292 0.0258354
800.997 0.0258271
801.701 0.0258192
802.405 0.0258116
803.109 0.0258042
803.812 0.0257970
804.515 0.0257901
805.218 0.0257834
805.921 0.0257770
806.623 0.0257707
807.325 0.0257647
808.027 0.0257588
808.728 0.0257531
809.429 0.0257476
810.130 0.0257422
810.831 0.0257370
811.531 0.0257319
812.231 0.0257268
812.931 0.0257219
813.630 0.0257171
814.330 0.0257124
815.029 0.0257077
815.727 0.0257030
816.426 0.0256984
817.124 0.0256938
817.821 0.0256892
818.519 0.0256846
819.216 0.0256799
819.913 0.0256752
820.609 0.0256705
821.306 0.0256657
822.002 0.0256608
822.697 0.0256558
823.393 0.0256508
824.088 0.0256456
824.783 0.0256402
825.477 0.0256348
826.171 0.0256292
826.865 0.0256234
827.559 0.0256174
828.252 0.0256113
828.945 0.0256050
829.638 0.0255984
830.330 0.0255917
831.023 0.0255847
831.714 0.0255775
832.406 0.0255701
833.097 0.0255624
833.788 0.0255545
834.479 0.0255463
835.169 0.0255378
835.859 0.0255291
836.548 0.0255201
837.238 0.0255108
837.927 0.0255012
838.615 0.0254914
839.304 0.0254813
839.992 0.0254709
840.680 0.0254602
841.367 0.0254492
842.054 0.0254379
842.741 0.0254263
843.428 0.0254144
844.114 0.0254023
844.800 0.0253899
845.485 0.0253772
846.170 0.0253642
846.855 0.0253509
847.540 0.0253373
848.224 0.0253235
848.908 0.0253094
849.592 0.0252951
850.275 0.0252805
850.958 0.0252657
851.641 0.0252506
852.323 0.0252353
853.005 0.0252198
853.687 0.0252040
854.368 0.0251881
855.049 0.0251720
855.730 0.0251556
856.410 0.0251392
857.090 0.0251225
857.769 0.0251057
858.449 0.0250887
859.128 0.0250716
859.806 0.0250544
860.485 0.0250370
861.163 0.0250195
861.840 0.0250020
862.518 0.0249844
863.195 0.0249667
863.871 0.0249490
864.548 0.0249312
865.224 0.0249134
865.899 0.0248956
866.574 0.0248777
867.249 0.0248599
867.924 0.0248421
868.598 0.0248243
869.272 0.0248066
869.946 0.0247889
870.619 0.0247713
871.292 0.0247538
871.964 0.0247364
872.636 0.0247191
873.308 0.0247019
873.979 0.0246849
874.651 0.0246680
875.321 0.0246512
875.992 0.0246346
876.662 0.0246182
877.331 0.0246020
878.001 0.0245860
878.670 0.0245701
879.338 0.0245546
880.007 0.0245392
880.675 0.0245240
881.342 0.0245092
882.009 0.0244946
882.676 0.0244802
883.343 0.0244661
884.009 0.0244523
884.675 0.0244388
885.340 0.0244256
886.005 0.0244127
886.670 0.0244001
887.334 0.0243878
887.998 0.0243758
888.662 0.0243642
889.325 0.0243529
889.988 0.0243419
890.650 0.0243313
891.312 0.0243211
891.974 0.0243111
892.636 0.0243015
893.297 0.0242923
893.957 0.0242835
894.618 0.0242749
895.278 0.0242668
895.937 0.0242590
896.596 0.0242516
897.255 0.0242445
897.914 0.0242377
898.572 0.0242314
899.230 0.0242254
899.887 0.0242197
900.544 0.0242144
901.201 0.0242095
901.857 0.0242049
902.513 0.0242006
903.168 0.0241967
903.823 0.0241931
904.478 0.0241898
905.132 0.0241869
905.786 0.0241843
906.440 0.0241820
907.093 0.0241800
907.746 0.0241783
908.399 0.0241770
909.051 0.0241759
909.703 0.0241751
910.354 0.0241745
911.005 0.0241743
911.656 0.0241743
912.306 0.0241745
912.956 0.0241750
913.605 0.0241757
914.254 0.0241767
914.903 0.0241779
915.551 0.0241793
916.199 0.0241808
916.847 0.0241826
917.494 0.0241846
918.141 0.0241867
918.788 0.0241890
919.434 0.0241914
920.079 0.0241940
920.725 0.0241967
921.370 0.0241995
922.014 0.0242024
922.658 0.0242055
923.302 0.0242086
923.946 0.0242118
924.589 0.0242150
925.231 0.0242183
925.873 0.0242217
926.515 0.0242251
927.157 0.0242285
927.798 0.0242319
928.439 0.0242353
929.079 0.0242388
929.719 0.0242422
930.359 0.0242455
930.998 0.0242488
931.637 0.0242521
932.275 0.0242553
932.913 0.0242585
933.551 0.0242615
934.188 0.0242645
934.825 0.0242674
935.462 0.0242701
936.098 0.0242728
936.733 0.0242753
937.369 0.0242776
938.004 0.0242799
938.638 0.0242819
939.273 0.0242838
939.907 0.0242855
940.540 0.0242871
941.173 0.0242884
941.806 0.0242896
942.438 0.0242906
943.070 0.0242913
943.702 0.0242918
944.333 0.0242921
944.964 0.0242922
945.594 0.0242920
946.224 0.0242916
946.854 0.0242909
947.483 0.0242900
948.112 0.0242888
948.741 0.0242873
949.369 0.0242856
949.996 0.0242836
950.624 0.0242813
951.251 0.0242787
951.878 0.0242759
952.504 0.0242727
953.130 0.0242693
953.755 0.0242655
954.380 0.0242615
955.005 0.0242572
955.629 0.0242525
956.253 0.0242476
956.877 0.0242423
957.500 0.0242367
958.123 0.0242309
958.746 0.0242247
959.368 0.0242182
959.990 0.0242114
960.611 0.0242061
961.232 0.0242005
961.853 0.0241946
962.473 0.0241884
963.093 0.0241819
963.712 0.0241751
964.331 0.0241680
964.950 0.0241605
965.569 0.0241528
966.187 0.0241447
966.804 0.0241364
967.422 0.0241278
968.039 0.0241188
968.655 0.0241096
969.272 0.0241001
969.887 0.0240903
970.503 0.0240803
971.118 0.0240700
971.733 0.0240593
972.347 0.0240485
972.961 0.0240374
973.575 0.0240260
974.188 0.0240144
974.801 0.0240025
975.414 0.0239904
976.026 0.0239780
976.638 0.0239655
977.250 0.0239527
977.861 0.0239397
978.472 0.0239265
979.083 0.0239131
979.693 0.0238995
980.303 0.0238857
980.912 0.0238717
981.521 0.0238576
982.130 0.0238433
982.738 0.0238288
983.346 0.0238142
983.954 0.0237994
984.562 0.0237845
985.169 0.0237695
985.775 0.0237543
986.382 0.0237390
986.988 0.0237237
987.594 0.0237082
988.199 0.0236926
988.804 0.0236770
989.409 0.0236613
990.013 0.0236455
990.617 0.0236296
991.221 0.0236137
991.824 0.0235978
992.427 0.0235818
993.030 0.0235658
993.632 0.0235498
994.234 0.0235338
994.836 0.0235177
995.438 0.0235017
996.039 0.0234857
996.640 0.0234697
997.240 0.0234537
997.840 0.0234378
998.440 0.0234219
999.040 0.0234061
999.639 0.0233903
1000.238 0.0233740
1000.836 0.0233568
1001.435 0.0233396
1002.033 0.0233225
1002.630 0.0233056
1003.228 0.0232887
1003.825 0.0232719
1004.422 0.0232553
1005.018 0.0232389
1005.614 0.0232225
1006.210 0.0232064
1006.806 0.0231903
1007.401 0.0231744
1007.996 0.0231587
1008.591 0.0231432
1009.186 0.0231278
1009.780 0.0231127
1010.374 0.0230977
1010.967 0.0230830
1011.561 0.0230684
1012.154 0.0230540
1012.746 0.0230399
1013.339 0.0230260
1013.931 0.0230123
1014.523 0.0229988
1015.115 0.0229856
1015.706 0.0229726
1016.298 0.0229598
1016.888 0.0229474
1017.479 0.0229351
1018.069 0.0229232
1018.660 0.0229114
1019.250 0.0229000
1019.839 0.0228888
1020.429 0.0228779
1021.018 0.0228673
1021.607 0.0228570
1022.195 0.0228469
1022.784 0.0228371
1023.372 0.0228277
1023.960 0.0228185
1024.547 0.0228096
1025.135 0.0228010
1025.722 0.0227927
1026.309 0.0227847
1026.896 0.0227770
1027.483 0.0227696
1028.069 0.0227626
1028.655 0.0227558
1029.241 0.0227493
1029.827 0.0227432
1030.412 0.0227373
1030.997 0.0227318
1031.582 0.0227266
1032.167 0.0227217
1032.752 0.0227171
1033.336 0.0227128
1033.921 0.0227088
1034.505 0.0227051
1035.089 0.0227018
1035.672 0.0226987
1036.256 0.0226960
1036.839 0.0226936
1037.422 0.0226915
1038.005 0.0226896
1038.588 0.0226881
1039.171 0.0226869
1039.753 0.0226860
1040.335 0.0226854
1040.918 0.0226851
1041.500 0.0226851
1042.081 0.0226853
1042.663 0.0226859
1043.244 0.0226867
1043.826 0.0226879
1044.407 0.0226893
1044.988 0.0226910
1045.569 0.0226929
1046.150 0.0226952
1046.730 0.0226977
1047.311 0.0227004
1047.891 0.0227035
1048.471 0.0227068
1049.052 0.0227103
1049.632 0.0227141
1050.211 0.0227181
1050.791 0.0227224
1051.371 0.0227269
1051.950 0.0227317
1052.530 0.0227366
1053.109 0.0227418
1053.688 0.0227472
1054.268 0.0227529
1054.847 0.0227587
1055.426 0.0227648
1056.005 0.0227710
1056.583 0.0227774
1057.162 0.0227840
1057.741 0.0227909
1058.319 0.0227978
1058.898 0.0228050
1059.476 0.0228123
1060.055 0.0228198
1060.633 0.0228275
1061.211 0.0228352
1061.790 0.0228432
1062.368 0.0228513
1062.946 0.0228595
1063.524 0.0228678
1064.102 0.0228763
1064.680 0.0228848
1065.258 0.0228935
1065.836 0.0229023
1066.414 0.0229112
1066.992 0.0229202
1067.570 0.0229292
1068.148 0.0229383
1068.726 0.0229476
1069.304 0.0229568
1069.882 0.0229662
1070.460 0.0229756
1071.038 0.0229850
1071.616 0.0229945
1072.194 0.0230040
1072.772 0.0230135
1073.350 0.0230231
1073.928 0.0230327
1074.506 0.0230423
1075.084 0.0230518
1075.662 0.0230614
1076.240 0.0230710
1076.819 0.0230806
1077.397 0.0230901
1077.976 0.0230996
1078.554 0.0231091
1079.133 0.0231186
1079.711 0.0231279
1080.290 0.0231373
1080.869 0.0231466
1081.448 0.0231558
1082.027 0.0231650
1082.606 0.0231740
1083.185 0.0231830
1083.764 0.0231919
1084.343 0.0232007
1084.923 0.0232094
1085.502 0.0232180
1086.082 0.0232265
1086.662 0.0232349
1087.242 0.0232431
1087.822 0.0232512
1088.402 0.0232592
1088.983 0.0232671
1089.563 0.0232748
1090.144 0.0232823
1090.725 0.0232897
1091.306 0.0232970
1091.887 0.0233040
1092.469 0.0233109
1093.050 0.0233176
1093.632 0.0233242
1094.214 0.0233305
1094.796 0.0233367
1095.379 0.0233426
1095.961 0.0233484
1096.544 0.0233540
1097.127 0.0233593
1097.710 0.0233644
1098.294 0.0233694
1098.877 0.0233741
1099.461 0.0233785
1100.046 0.0233828
1100.630 0.0233868
1101.215 0.0233905
1101.800 0.0233940
1102.385 0.0233973
1102.970 0.0234003
1103.556 0.0234031
1104.142 0.0234056
1104.728 0.0234079
1105.315 0.0234099
1105.902 0.0234116
1106.489 0.0234130
1107.077 0.0234142
1107.664 0.0234151
1108.253 0.0234158
1108.841 0.0234161
1109.430 0.0234162
1110.019 0.0234159
1110.609 0.0234154
1111.198 0.0234146
1111.789 0.0234135
1112.379 0.0234122
1112.970 0.0234105
1113.561 0.0234085
1114.153 0.0234062
1114.745 0.0234036
1115.338 0.0234007
1115.931 0.0233975
1116.524 0.0233941
1117.117 0.0233903
1117.712 0.0233861
1118.306 0.0233817
1118.901 0.0233770
1119.496 0.0233720
1120.092 0.0233666
1120.689 0.0233610
1121.285 0.0233550
1121.882 0.0233487
1122.480 0.0233421
1123.078 0.0233352
1123.677 0.0233280
1124.276 0.0233205
1124.875 0.0233127
1125.476 0.0233045
1126.076 0.0232961
1126.677 0.0232873
1127.279 0.0232782
1127.881 0.0232689
1128.484 0.0232592
1129.087 0.0232492
1129.691 0.0232389
1130.295 0.0232283
1130.900 0.0232174
1131.505 0.0232063
1132.111 0.0231948
1132.718 0.0231830
1133.325 0.0231709
1133.933 0.0231585
1134.541 0.0231459
1135.150 0.0231330
1135.760 0.0231197
1136.370 0.0231062
1136.981 0.0230925
1137.592 0.0230784
1138.204 0.0230641
1138.817 0.0230495
1139.431 0.0230346
1140.045 0.0230195
1140.660 0.0230041
1141.275 0.0229885
1141.891 0.0229726
1142.508 0.0229564
1143.126 0.0229400
1143.744 0.0229234
1144.363 0.0229065
1144.983 0.0228894
