432.689 0.0458526
433.621 0.0457142
434.552 0.0455771
435.482 0.0454414
436.410 0.0453070
437.337 0.0451740
438.262 0.0450424
439.187 0.0449119
440.110 0.0447828
441.031 0.0446550
441.952 0.0445283
442.871 0.0444029
443.789 0.0442787
444.705 0.0441558
445.621 0.0440338
446.535 0.0439131
447.447 0.0437937
448.359 0.0436752
449.269 0.0435579
450.178 0.0434416
451.086 0.0433264
451.993 0.0432123
452.898 0.0430993
453.803 0.0429871
454.706 0.0428761
455.608 0.0427661
456.508 0.0426571
457.408 0.0425490
458.306 0.0424420
459.204 0.0423357
460.100 0.0422305
460.995 0.0421263
461.888 0.0420230
462.781 0.0419205
463.673 0.0418189
464.563 0.0417183
465.452 0.0416185
466.340 0.0415196
467.228 0.0414213
468.114 0.0413241
468.999 0.0412276
469.882 0.0411321
470.765 0.0410372
471.647 0.0409431
472.528 0.0408498
473.407 0.0407573
474.286 0.0406655
475.163 0.0405746
476.040 0.0404842
476.915 0.0403947
477.790 0.0403058
478.663 0.0402178
479.535 0.0401304
480.407 0.0400436
481.277 0.0399576
482.147 0.0398722
483.015 0.0397875
483.883 0.0397034
484.749 0.0396201
485.615 0.0395373
486.479 0.0394553
487.343 0.0393738
488.206 0.0392930
489.067 0.0392128
489.928 0.0391333
490.788 0.0390543
491.647 0.0389759
492.505 0.0388982
493.362 0.0388211
494.218 0.0387445
495.073 0.0386685
495.928 0.0385931
496.781 0.0385183
497.634 0.0384439
498.486 0.0383702
499.337 0.0382969
500.187 0.0382243
501.036 0.0381521
501.884 0.0380805
502.731 0.0380094
503.578 0.0379387
504.424 0.0378686
505.268 0.0377990
506.113 0.0377297
506.956 0.0376611
507.798 0.0375929
508.640 0.0375250
509.480 0.0374578
510.320 0.0373909
511.160 0.0373244
511.998 0.0372585
512.836 0.0371929
513.672 0.0371278
514.508 0.0370632
515.344 0.0369989
516.178 0.0369351
517.012 0.0368717
517.845 0.0368087
518.677 0.0367462
519.508 0.0366841
520.339 0.0366224
521.169 0.0365611
521.998 0.0365003
522.826 0.0364399
523.654 0.0363798
524.481 0.0363202
525.307 0.0362610
526.133 0.0362022
526.958 0.0361438
527.782 0.0360858
528.605 0.0360282
529.428 0.0359710
530.250 0.0359142
531.072 0.0358577
531.892 0.0358017
532.712 0.0357459
533.532 0.0356905
534.350 0.0356356
535.168 0.0355809
535.986 0.0355265
536.802 0.0354726
537.618 0.0354189
538.434 0.0353655
539.249 0.0353124
540.063 0.0352597
540.876 0.0352072
541.689 0.0351551
542.501 0.0351032
543.313 0.0350515
544.124 0.0350002
544.934 0.0349492
545.744 0.0348983
546.553 0.0348478
547.361 0.0347976
548.169 0.0347475
548.976 0.0346978
549.783 0.0346483
550.589 0.0345991
551.395 0.0345501
552.200 0.0345014
553.004 0.0344530
553.808 0.0344048
554.611 0.0343569
555.414 0.0343093
556.216 0.0342619
557.018 0.0342148
557.819 0.0341681
558.619 0.0341216
559.419 0.0340754
560.218 0.0340295
561.017 0.0339838
561.815 0.0339385
562.613 0.0338935
563.410 0.0338487
564.207 0.0338043
565.003 0.0337601
565.799 0.0337163
566.594 0.0336727
567.388 0.0336295
568.182 0.0335865
568.976 0.0335437
569.769 0.0335013
570.562 0.0334591
571.354 0.0334172
572.145 0.0333756
572.936 0.0333342
573.727 0.0332930
574.517 0.0332521
575.307 0.0332113
576.096 0.0331708
576.885 0.0331305
577.673 0.0330905
578.461 0.0330505
579.248 0.0330108
580.035 0.0329713
580.821 0.0329319
581.607 0.0328927
582.392 0.0328536
583.177 0.0328147
583.962 0.0327758
584.746 0.0327372
585.529 0.0326987
586.313 0.0326602
587.095 0.0326219
587.878 0.0325837
588.660 0.0325456
589.441 0.0325077
590.222 0.0324699
591.003 0.0324322
591.783 0.0323946
592.563 0.0323572
593.342 0.0323198
594.121 0.0322827
594.899 0.0322456
595.678 0.0322087
596.455 0.0321720
597.233 0.0321354
598.009 0.0320990
598.786 0.0320628
599.562 0.0320267
600.338 0.0319909
601.113 0.0319552
601.888 0.0319198
602.663 0.0318845
603.437 0.0318495
604.211 0.0318147
604.984 0.0317801
605.757 0.0317458
606.530 0.0317117
607.302 0.0316779
608.074 0.0316443
608.845 0.0316110
609.616 0.0315780
610.387 0.0315451
611.158 0.0315125
611.928 0.0314802
612.697 0.0314482
613.467 0.0314163
614.236 0.0313847
615.004 0.0313534
615.773 0.0313223
616.541 0.0312913
617.308 0.0312607
618.076 0.0312302
618.843 0.0311999
619.609 0.0311698
620.375 0.0311399
621.141 0.0311101
621.907 0.0310804
622.672 0.0310510
623.437 0.0310216
624.202 0.0309923
624.966 0.0309632
625.730 0.0309342
626.493 0.0309052
627.257 0.0308763
628.020 0.0308474
628.782 0.0308187
629.545 0.0307899
630.307 0.0307611
631.068 0.0307324
631.830 0.0307037
632.591 0.0306750
633.352 0.0306463
634.112 0.0306176
634.872 0.0305889
635.632 0.0305602
636.392 0.0305315
637.151 0.0305027
637.910 0.0304740
638.668 0.0304452
639.427 0.0304165
640.185 0.0303877
640.943 0.0303589
641.700 0.0303302
642.457 0.0303014
643.214 0.0302727
643.971 0.0302440
644.727 0.0302154
645.483 0.0301868
646.239 0.0301583
646.994 0.0301298
647.750 0.0301014
648.505 0.0300732
649.259 0.0300450
650.014 0.0300170
650.768 0.0299891
651.521 0.0299614
652.275 0.0299338
653.028 0.0299064
653.781 0.0298792
654.534 0.0298522
655.286 0.0298254
656.039 0.0297987
656.791 0.0297724
657.542 0.0297463
658.294 0.0297204
659.045 0.0296947
659.796 0.0296694
660.546 0.0296443
661.297 0.0296194
662.047 0.0295949
662.796 0.0295706
663.546 0.0295465
664.295 0.0295228
665.044 0.0294993
665.793 0.0294761
666.542 0.0294531
667.290 0.0294304
668.038 0.0294080
668.786 0.0293858
669.533 0.0293638
670.281 0.0293420
671.028 0.0293205
671.774 0.0292992
672.521 0.0292780
673.267 0.0292571
674.013 0.0292363
674.759 0.0292156
675.505 0.0291951
676.250 0.0291747
676.995 0.0291544
677.740 0.0291342
678.484 0.0291141
679.229 0.0290940
679.973 0.0290740
680.717 0.0290539
681.460 0.0290340
682.204 0.0290139
682.947 0.0289939
683.690 0.0289738
684.433 0.0289537
685.175 0.0289335
685.917 0.0289132
686.659 0.0288929
687.401 0.0288724
688.142 0.0288519
688.884 0.0288312
689.625 0.0288104
690.365 0.0287895
691.106 0.0287684
691.846 0.0287472
692.586 0.0287259
693.326 0.0287044
694.066 0.0286828
694.805 0.0286610
695.545 0.0286390
696.284 0.0286170
697.022 0.0285948
697.761 0.0285725
698.499 0.0285500
699.237 0.0285275
699.975 0.0285048
700.713 0.0284820
701.450 0.0284592
702.187 0.0284362
702.924 0.0284133
703.661 0.0283902
704.397 0.0283672
705.133 0.0283441
705.869 0.0283210
706.605 0.0282979
707.341 0.0282749
708.076 0.0282519
708.811 0.0282290
709.546 0.0282061
710.281 0.0281834
711.015 0.0281608
711.749 0.0281383
712.483 0.0281159
713.217 0.0280937
713.950 0.0280717
714.684 0.0280499
715.417 0.0280283
716.150 0.0280070
716.882 0.0279859
717.615 0.0279650
718.347 0.0279444
719.079 0.0279241
719.811 0.0279041
720.542 0.0278844
721.273 0.0278650
722.005 0.0278459
722.735 0.0278271
723.466 0.0278087
724.196 0.0277905
724.927 0.0277727
725.656 0.0277553
726.386 0.0277382
727.116 0.0277214
727.845 0.0277050
728.574 0.0276889
729.303 0.0276731
730.031 0.0276577
730.760 0.0276425
731.488 0.0276277
732.216 0.0276131
732.944 0.0275989
733.671 0.0275849
734.398 0.0275712
735.125 0.0275577
735.852 0.0275445
736.579 0.0275315
737.305 0.0275187
738.031 0.0275061
738.757 0.0274936
739.483 0.0274813
740.208 0.0274692
740.933 0.0274572
741.658 0.0274452
742.383 0.0274334
743.108 0.0274216
743.832 0.0274098
744.556 0.0273981
745.280 0.0273864
746.004 0.0273746
746.727 0.0273628
747.450 0.0273510
748.173 0.0273391
748.896 0.0273271
749.618 0.0273150
750.340 0.0273028
751.062 0.0272904
751.784 0.0272779
752.506 0.0272652
753.227 0.0272523
753.948 0.0272392
754.669 0.0272259
755.389 0.0272124
756.110 0.0271987
756.830 0.0271847
757.550 0.0271704
758.269 0.0271559
758.989 0.0271412
759.708 0.0271261
760.427 0.0271108
761.146 0.0270952
761.864 0.0270793
762.582 0.0270632
763.300 0.0270468
764.018 0.0270301
764.736 0.0270131
765.453 0.0269958
766.170 0.0269783
766.887 0.0269605
767.603 0.0269425
768.320 0.0269243
769.036 0.0269058
769.751 0.0268871
770.467 0.0268682
771.182 0.0268491
771.897 0.0268298
772.612 0.0268103
773.327 0.0267907
774.041 0.0267709
774.755 0.0267510
775.469 0.0267311
776.183 0.0267110
776.896 0.0266909
777.609 0.0266707
778.322 0.0266504
779.035 0.0266302
779.747 0.0266100
780.459 0.0265898
781.171 0.0265696
781.882 0.0265496
782.594 0.0265295
783.305 0.0265096
784.016 0.0264899
784.726 0.0264703
785.436 0.0264508
786.147 0.0264315
786.856 0.0264125
787.566 0.0263936
788.275 0.0263750
788.984 0.0263566
789.693 0.0263385
790.401 0.0263207
791.110 0.0263031
791.818 0.0262859
792.525 0.0262691
793.233 0.0262525
793.940 0.0262364
794.647 0.0262205
795.353 0.0262051
796.060 0.0261900
796.766 0.0261753
797.472 0.0261611
798.177 0.0261472
798.883 0.0261337
799.588 0.0261206
800.292 0.0261080
800.997 0.0260958
801.701 0.0260840
802.405 0.0260726
803.109 0.0260616
803.812 0.0260510
804.515 0.0260409
805.218 0.0260311
805.921 0.0260217
806.623 0.0260128
807.325 0.0260042
808.027 0.0259960
808.728 0.0259881
809.429 0.0259807
810.130 0.0259735
810.831 0.0259667
811.531 0.0259602
812.231 0.0259541
812.931 0.0259482
813.630 0.0259426
814.330 0.0259372
815.029 0.0259322
815.727 0.0259273
816.426 0.0259226
817.124 0.0259182
817.821 0.0259139
818.519 0.0259098
819.216 0.0259058
819.913 0.0259019
820.609 0.0258981
821.306 0.0258944
822.002 0.0258908
822.697 0.0258872
823.393 0.0258836
824.088 0.0258801
824.783 0.0258765
825.477 0.0258729
826.171 0.0258692
826.865 0.0258654
827.559 0.0258615
828.252 0.0258576
828.945 0.0258535
829.638 0.0258492
830.330 0.0258448
831.023 0.0258401
831.714 0.0258353
832.406 0.0258303
833.097 0.0258250
833.788 0.0258195
834.479 0.0258137
835.169 0.0258076
835.859 0.0258013
836.548 0.0257946
837.238 0.0257877
837.927 0.0257804
838.615 0.0257728
839.304 0.0257648
839.992 0.0257565
840.680 0.0257478
841.367 0.0257388
842.054 0.0257294
842.741 0.0257196
843.428 0.0257094
844.114 0.0256989
844.800 0.0256880
845.485 0.0256767
846.170 0.0256650
846.855 0.0256529
847.540 0.0256405
848.224 0.0256277
848.908 0.0256145
849.592 0.0256009
850.275 0.0255870
850.958 0.0255727
851.641 0.0255580
852.323 0.0255430
853.005 0.0255277
853.687 0.0255120
854.368 0.0254961
855.049 0.0254798
855.730 0.0254632
856.410 0.0254463
857.090 0.0254292
857.769 0.0254118
858.449 0.0253942
859.128 0.0253763
859.806 0.0253582
860.485 0.0253399
861.163 0.0253214
861.840 0.0253028
862.518 0.0252840
863.195 0.0252650
863.871 0.0252460
864.548 0.0252268
865.224 0.0252076
865.899 0.0251883
866.574 0.0251689
867.249 0.0251495
867.924 0.0251301
868.598 0.0251107
869.272 0.0250914
869.946 0.0250720
870.619 0.0250527
871.292 0.0250335
871.964 0.0250144
872.636 0.0249955
873.308 0.0249766
873.979 0.0249579
874.651 0.0249393
875.321 0.0249210
875.992 0.0249028
876.662 0.0248849
877.331 0.0248672
878.001 0.0248497
878.670 0.0248325
879.338 0.0248156
880.007 0.0247990
880.675 0.0247826
881.342 0.0247666
882.009 0.0247510
882.676 0.0247356
883.343 0.0247206
884.009 0.0247060
884.675 0.0246918
885.340 0.0246780
886.005 0.0246645
886.670 0.0246515
887.334 0.0246388
887.998 0.0246266
888.662 0.0246148
889.325 0.0246035
889.988 0.0245926
890.650 0.0245821
891.312 0.0245721
891.974 0.0245625
892.636 0.0245534
893.297 0.0245447
893.957 0.0245365
894.618 0.0245287
895.278 0.0245214
895.937 0.0245146
896.596 0.0245082
897.255 0.0245022
897.914 0.0244967
898.572 0.0244917
899.230 0.0244870
899.887 0.0244828
900.544 0.0244791
901.201 0.0244757
901.857 0.0244728
902.513 0.0244703
903.168 0.0244682
903.823 0.0244665
904.478 0.0244652
905.132 0.0244642
905.786 0.0244636
906.440 0.0244633
907.093 0.0244634
907.746 0.0244639
908.399 0.0244646
909.051 0.0244657
909.703 0.0244670
910.354 0.0244686
911.005 0.0244705
911.656 0.0244727
912.306 0.0244751
912.956 0.0244777
913.605 0.0244805
914.254 0.0244835
914.903 0.0244867
915.551 0.0244901
916.199 0.0244936
916.847 0.0244972
917.494 0.0245010
918.141 0.0245049
918.788 0.0245088
919.434 0.0245128
920.079 0.0245169
920.725 0.0245210
921.370 0.0245252
922.014 0.0245294
922.658 0.0245335
923.302 0.0245376
923.946 0.0245417
924.589 0.0245458
925.231 0.0245497
925.873 0.0245536
926.515 0.0245574
927.157 0.0245610
927.798 0.0245646
928.439 0.0245680
929.079 0.0245712
929.719 0.0245743
930.359 0.0245771
930.998 0.0245798
931.637 0.0245823
932.275 0.0245845
932.913 0.0245865
933.551 0.0245883
934.188 0.0245898
934.825 0.0245910
935.462 0.0245920
936.098 0.0245926
936.733 0.0245930
937.369 0.0245930
938.004 0.0245928
938.638 0.0245922
939.273 0.0245912
939.907 0.0245899
940.540 0.0245883
941.173 0.0245863
941.806 0.0245839
942.438 0.0245812
943.070 0.0245781
943.702 0.0245746
944.333 0.0245707
944.964 0.0245664
945.594 0.0245618
946.224 0.0245567
946.854 0.0245512
947.483 0.0245454
948.112 0.0245391
948.741 0.0245324
949.369 0.0245253
949.996 0.0245179
950.624 0.0245100
951.251 0.0245017
951.878 0.0244930
952.504 0.0244839
953.130 0.0244744
953.755 0.0244645
954.380 0.0244542
955.005 0.0244436
955.629 0.0244325
956.253 0.0244211
956.877 0.0244093
957.500 0.0243971
958.123 0.0243845
958.746 0.0243716
959.368 0.0243584
959.990 0.0243448
960.611 0.0243328
961.232 0.0243205
961.853 0.0243078
962.473 0.0242949
963.093 0.0242816
963.712 0.0242680
964.331 0.0242542
964.950 0.0242400
965.569 0.0242256
966.187 0.0242109
966.804 0.0241960
967.422 0.0241808
968.039 0.0241654
968.655 0.0241497
969.272 0.0241338
969.887 0.0241178
970.503 0.0241015
971.118 0.0240851
971.733 0.0240685
972.347 0.0240518
972.961 0.0240349
973.575 0.0240179
974.188 0.0240007
974.801 0.0239835
975.414 0.0239661
976.026 0.0239487
976.638 0.0239312
977.250 0.0239136
977.861 0.0238960
978.472 0.0238784
979.083 0.0238607
979.693 0.0238431
980.303 0.0238254
980.912 0.0238078
981.521 0.0237901
982.130 0.0237726
982.738 0.0237551
983.346 0.0237376
983.954 0.0237202
984.562 0.0237029
985.169 0.0236857
985.775 0.0236687
986.382 0.0236517
986.988 0.0236349
987.594 0.0236183
988.199 0.0236018
988.804 0.0235854
989.409 0.0235693
990.013 0.0235533
990.617 0.0235376
991.221 0.0235220
991.824 0.0235067
992.427 0.0234916
993.030 0.0234767
993.632 0.0234621
994.234 0.0234478
994.836 0.0234337
995.438 0.0234199
996.039 0.0234064
996.640 0.0233932
997.240 0.0233802
997.840 0.0233676
998.440 0.0233553
999.040 0.0233434
999.639 0.0233317
1000.238 0.0233197
1000.836 0.0233071
1001.435 0.0232948
1002.033 0.0232829
1002.630 0.0232713
1003.228 0.0232601
1003.825 0.0232493
1004.422 0.0232389
1005.018 0.0232288
1005.614 0.0232191
1006.210 0.0232099
1006.806 0.0232010
1007.401 0.0231925
1007.996 0.0231844
1008.591 0.0231767
1009.186 0.0231694
1009.780 0.0231626
1010.374 0.0231561
1010.967 0.0231500
1011.561 0.0231444
1012.154 0.0231391
1012.746 0.0231343
1013.339 0.0231299
1013.931 0.0231258
1014.523 0.0231222
1015.115 0.0231190
1015.706 0.0231162
1016.298 0.0231137
1016.888 0.0231117
1017.479 0.0231101
1018.069 0.0231089
1018.660 0.0231080
1019.250 0.0231076
1019.839 0.0231075
1020.429 0.0231078
1021.018 0.0231085
1021.607 0.0231096
1022.195 0.0231110
1022.784 0.0231128
1023.372 0.0231149
1023.960 0.0231174
1024.547 0.0231203
1025.135 0.0231235
1025.722 0.0231270
1026.309 0.0231308
1026.896 0.0231350
1027.483 0.0231395
1028.069 0.0231442
1028.655 0.0231493
1029.241 0.0231547
1029.827 0.0231604
1030.412 0.0231663
1030.997 0.0231725
1031.582 0.0231790
1032.167 0.0231858
1032.752 0.0231928
1033.336 0.0232000
1033.921 0.0232074
1034.505 0.0232151
1035.089 0.0232230
1035.672 0.0232311
1036.256 0.0232394
1036.839 0.0232478
1037.422 0.0232565
1038.005 0.0232653
1038.588 0.0232743
1039.171 0.0232834
1039.753 0.0232927
1040.335 0.0233021
1040.918 0.0233116
1041.500 0.0233212
1042.081 0.0233310
1042.663 0.0233408
1043.244 0.0233507
1043.826 0.0233607
1044.407 0.0233707
1044.988 0.0233808
1045.569 0.0233909
1046.150 0.0234011
1046.730 0.0234113
1047.311 0.0234215
1047.891 0.0234317
1048.471 0.0234419
1049.052 0.0234521
1049.632 0.0234623
1050.211 0.0234724
1050.791 0.0234825
1051.371 0.0234925
1051.950 0.0235024
1052.530 0.0235123
1053.109 0.0235222
1053.688 0.0235319
1054.268 0.0235415
1054.847 0.0235510
1055.426 0.0235604
1056.005 0.0235697
1056.583 0.0235788
1057.162 0.0235878
1057.741 0.0235966
1058.319 0.0236052
1058.898 0.0236138
1059.476 0.0236221
1060.055 0.0236302
1060.633 0.0236381
1061.211 0.0236459
1061.790 0.0236534
1062.368 0.0236607
1062.946 0.0236678
1063.524 0.0236746
1064.102 0.0236812
1064.680 0.0236876
1065.258 0.0236937
1065.836 0.0236995
1066.414 0.0237051
1066.992 0.0237104
1067.570 0.0237154
1068.148 0.0237202
1068.726 0.0237246
1069.304 0.0237288
1069.882 0.0237326
1070.460 0.0237361
1071.038 0.0237394
1071.616 0.0237423
1072.194 0.0237449
1072.772 0.0237471
1073.350 0.0237491
1073.928 0.0237507
1074.506 0.0237519
1075.084 0.0237528
1075.662 0.0237534
1076.240 0.0237536
1076.819 0.0237535
1077.397 0.0237530
1077.976 0.0237521
1078.554 0.0237509
1079.133 0.0237493
1079.711 0.0237474
1080.290 0.0237450
1080.869 0.0237424
1081.448 0.0237393
1082.027 0.0237359
1082.606 0.0237321
1083.185 0.0237279
1083.764 0.0237233
1084.343 0.0237184
1084.923 0.0237131
1085.502 0.0237074
1086.082 0.0237013
1086.662 0.0236949
1087.242 0.0236881
1087.822 0.0236809
1088.402 0.0236733
1088.983 0.0236654
1089.563 0.0236571
1090.144 0.0236484
1090.725 0.0236393
1091.306 0.0236299
1091.887 0.0236201
1092.469 0.0236100
1093.050 0.0235995
1093.632 0.0235886
1094.214 0.0235774
1094.796 0.0235658
1095.379 0.0235538
1095.961 0.0235416
1096.544 0.0235290
1097.127 0.0235160
1097.710 0.0235027
1098.294 0.0234891
1098.877 0.0234752
1099.461 0.0234609
1100.046 0.0234463
1100.630 0.0234314
1101.215 0.0234162
1101.800 0.0234007
1102.385 0.0233849
1102.970 0.0233688
1103.556 0.0233524
1104.142 0.0233357
1104.728 0.0233188
1105.315 0.0233016
1105.902 0.0232841
1106.489 0.0232664
1107.077 0.0232484
1107.664 0.0232302
1108.253 0.0232117
1108.841 0.0231930
1109.430 0.0231741
1110.019 0.0231549
1110.609 0.0231356
1111.198 0.0231161
1111.789 0.0230963
1112.379 0.0230764
1112.970 0.0230563
1113.561 0.0230360
1114.153 0.0230156
1114.745 0.0229950
1115.338 0.0229742
1115.931 0.0229533
1116.524 0.0229323
1117.117 0.0229112
1117.712 0.0228899
1118.306 0.0228685
1118.901 0.0228470
1119.496 0.0228255
1120.092 0.0228039
1120.689 0.0227821
1121.285 0.0227604
1121.882 0.0227386
1122.480 0.0227167
1123.078 0.0226948
1123.677 0.0226728
1124.276 0.0226508
1124.875 0.0226289
1125.476 0.0226069
1126.076 0.0225849
1126.677 0.0225630
1127.279 0.0225411
1127.881 0.0225192
1128.484 0.0224973
1129.087 0.0224755
1129.691 0.0224538
1130.295 0.0224321
1130.900 0.0224106
1131.505 0.0223891
1132.111 0.0223677
1132.718 0.0223464
1133.325 0.0223252
1133.933 0.0223042
1134.541 0.0222833
1135.150 0.0222625
1135.760 0.0222419
1136.370 0.0222215
1136.981 0.0222012
1137.592 0.0221811
1138.204 0.0221612
1138.817 0.0221415
1139.431 0.0221220
1140.045 0.0221027
1140.660 0.0220836
1141.275 0.0220648
1141.891 0.0220462
1142.508 0.0220279
1143.126 0.0220098
1143.744 0.0219920
1144.363 0.0219744
1144.983 0.0219571
