432.689 0.0431639
433.621 0.0430371
434.552 0.0429116
435.482 0.0427873
436.410 0.0426643
437.337 0.0425426
438.262 0.0424222
439.187 0.0423028
440.110 0.0421847
441.031 0.0420679
441.952 0.0419521
442.871 0.0418375
443.789 0.0417239
444.705 0.0416116
445.621 0.0415002
446.535 0.0413900
447.447 0.0412809
448.359 0.0411728
449.269 0.0410657
450.178 0.0409596
451.086 0.0408545
451.993 0.0407504
452.898 0.0406474
453.803 0.0405451
454.706 0.0404439
455.608 0.0403436
456.508 0.0402444
457.408 0.0401459
458.306 0.0400484
459.204 0.0399516
460.100 0.0398558
460.995 0.0397609
461.888 0.0396669
462.781 0.0395736
463.673 0.0394811
464.563 0.0393895
465.452 0.0392988
466.340 0.0392088
467.228 0.0391194
468.114 0.0390309
468.999 0.0389432
469.882 0.0388563
470.765 0.0387700
471.647 0.0386845
472.528 0.0385996
473.407 0.0385156
474.286 0.0384322
475.163 0.0383495
476.040 0.0382675
476.915 0.0381862
477.790 0.0381054
478.663 0.0380254
479.535 0.0379461
480.407 0.0378673
481.277 0.0377893
482.147 0.0377118
483.015 0.0376350
483.883 0.0375587
484.749 0.0374832
485.615 0.0374081
486.479 0.0373338
487.343 0.0372599
488.206 0.0371867
489.067 0.0371141
489.928 0.0370419
490.788 0.0369704
491.647 0.0368994
492.505 0.0368290
493.362 0.0367591
494.218 0.0366898
495.073 0.0366210
495.928 0.0365527
496.781 0.0364849
497.634 0.0364176
498.486 0.0363508
499.337 0.0362845
500.187 0.0362187
501.036 0.0361534
501.884 0.0360885
502.731 0.0360242
503.578 0.0359602
504.424 0.0358967
505.268 0.0358337
506.113 0.0357711
506.956 0.0357089
507.798 0.0356472
508.640 0.0355859
509.480 0.0355251
510.320 0.0354646
511.160 0.0354045
511.998 0.0353449
512.836 0.0352856
513.672 0.0352268
514.508 0.0351684
515.344 0.0351103
516.178 0.0350526
517.012 0.0349954
517.845 0.0349385
518.677 0.0348820
519.508 0.0348259
520.339 0.0347702
521.169 0.0347148
521.998 0.0346599
522.826 0.0346053
523.654 0.0345511
524.481 0.0344972
525.307 0.0344438
526.133 0.0343906
526.958 0.0343379
527.782 0.0342855
528.605 0.0342335
529.428 0.0341818
530.250 0.0341305
531.072 0.0340794
531.892 0.0340288
532.712 0.0339785
533.532 0.0339285
534.350 0.0338789
535.168 0.0338296
535.986 0.0337805
536.802 0.0337319
537.618 0.0336835
538.434 0.0336354
539.249 0.0335876
540.063 0.0335401
540.876 0.0334929
541.689 0.0334460
542.501 0.0333993
543.313 0.0333529
544.124 0.0333068
544.934 0.0332610
545.744 0.0332153
546.553 0.0331700
547.361 0.0331249
548.169 0.0330800
548.976 0.0330354
549.783 0.0329910
550.589 0.0329468
551.395 0.0329028
552.200 0.0328591
553.004 0.0328156
553.808 0.0327724
554.611 0.0327293
555.414 0.0326865
556.216 0.0326439
557.018 0.0326015
557.819 0.0325593
558.619 0.0325174
559.419 0.0324757
560.218 0.0324343
561.017 0.0323930
561.815 0.0323520
562.613 0.0323112
563.410 0.0322707
564.207 0.0322303
565.003 0.0321903
565.799 0.0321504
566.594 0.0321108
567.388 0.0320715
568.182 0.0320323
568.976 0.0319935
569.769 0.0319548
570.562 0.0319164
571.354 0.0318783
572.145 0.0318404
572.936 0.0318028
573.727 0.0317654
574.517 0.0317282
575.307 0.0316913
576.096 0.0316546
576.885 0.0316182
577.673 0.0315820
578.461 0.0315460
579.248 0.0315103
580.035 0.0314747
580.821 0.0314394
581.607 0.0314044
582.392 0.0313695
583.177 0.0313348
583.962 0.0313003
584.746 0.0312660
585.529 0.0312320
586.313 0.0311980
587.095 0.0311643
587.878 0.0311307
588.660 0.0310972
589.441 0.0310640
590.222 0.0310309
591.003 0.0309979
591.783 0.0309650
592.563 0.0309323
593.342 0.0308997
594.121 0.0308673
594.899 0.0308349
595.678 0.0308026
596.455 0.0307705
597.233 0.0307384
598.009 0.0307065
598.786 0.0306746
599.562 0.0306428
600.338 0.0306112
601.113 0.0305796
601.888 0.0305481
602.663 0.0305166
603.437 0.0304853
604.211 0.0304541
604.984 0.0304229
605.757 0.0303918
606.530 0.0303609
607.302 0.0303300
608.074 0.0302992
608.845 0.0302686
609.616 0.0302380
610.387 0.0302076
611.158 0.0301772
611.928 0.0301470
612.697 0.0301169
613.467 0.0300869
614.236 0.0300571
615.004 0.0300275
615.773 0.0299979
616.541 0.0299685
617.308 0.0299393
618.076 0.0299103
618.843 0.0298814
619.609 0.0298527
620.375 0.0298242
621.141 0.0297959
621.907 0.0297677
622.672 0.0297397
623.437 0.0297120
624.202 0.0296844
624.966 0.0296571
625.730 0.0296299
626.493 0.0296030
627.257 0.0295762
628.020 0.0295497
628.782 0.0295234
629.545 0.0294973
630.307 0.0294714
631.068 0.0294457
631.830 0.0294202
632.591 0.0293949
633.352 0.0293698
634.112 0.0293449
634.872 0.0293202
635.632 0.0292957
636.392 0.0292713
637.151 0.0292471
637.910 0.0292231
638.668 0.0291993
639.427 0.0291755
640.185 0.0291520
640.943 0.0291285
641.700 0.0291052
642.457 0.0290820
643.214 0.0290589
643.971 0.0290359
644.727 0.0290130
645.483 0.0289902
646.239 0.0289675
646.994 0.0289448
647.750 0.0289222
648.505 0.0288996
649.259 0.0288771
650.014 0.0288546
650.768 0.0288321
651.521 0.0288097
652.275 0.0287872
653.028 0.0287647
653.781 0.0287423
654.534 0.0287198
655.286 0.0286973
656.039 0.0286748
656.791 0.0286523
657.542 0.0286297
658.294 0.0286071
659.045 0.0285845
659.796 0.0285618
660.546 0.0285392
661.297 0.0285164
662.047 0.0284937
662.796 0.0284709
663.546 0.0284481
664.295 0.0284252
665.044 0.0284023
665.793 0.0283794
666.542 0.0283565
667.290 0.0283335
668.038 0.0283106
668.786 0.0282876
669.533 0.0282647
670.281 0.0282417
671.028 0.0282188
671.774 0.0281959
672.521 0.0281730
673.267 0.0281502
674.013 0.0281274
674.759 0.0281047
675.505 0.0280820
676.250 0.0280595
676.995 0.0280370
677.740 0.0280146
678.484 0.0279923
679.229 0.0279701
679.973 0.0279480
680.717 0.0279261
681.460 0.0279044
682.204 0.0278827
682.947 0.0278612
683.690 0.0278399
684.433 0.0278188
685.175 0.0277979
685.917 0.0277771
686.659 0.0277566
687.401 0.0277362
688.142 0.0277161
688.884 0.0276961
689.625 0.0276764
690.365 0.0276570
691.106 0.0276377
691.846 0.0276187
692.586 0.0275999
693.326 0.0275813
694.066 0.0275630
694.805 0.0275449
695.545 0.0275271
696.284 0.0275094
697.022 0.0274921
697.761 0.0274749
698.499 0.0274580
699.237 0.0274412
699.975 0.0274247
700.713 0.0274084
701.450 0.0273924
702.187 0.0273765
702.924 0.0273608
703.661 0.0273453
704.397 0.0273300
705.133 0.0273149
705.869 0.0272999
706.605 0.0272850
707.341 0.0272703
708.076 0.0272557
708.811 0.0272413
709.546 0.0272270
710.281 0.0272127
711.015 0.0271986
711.749 0.0271845
712.483 0.0271705
713.217 0.0271565
713.950 0.0271426
714.684 0.0271287
715.417 0.0271148
716.150 0.0271010
716.882 0.0270871
717.615 0.0270732
718.347 0.0270593
719.079 0.0270454
719.811 0.0270314
720.542 0.0270173
721.273 0.0270032
722.005 0.0269890
722.735 0.0269747
723.466 0.0269603
724.196 0.0269458
724.927 0.0269312
725.656 0.0269165
726.386 0.0269016
727.116 0.0268866
727.845 0.0268715
728.574 0.0268563
729.303 0.0268409
730.031 0.0268253
730.760 0.0268096
731.488 0.0267937
732.216 0.0267777
732.944 0.0267615
733.671 0.0267452
734.398 0.0267287
735.125 0.0267120
735.852 0.0266952
736.579 0.0266783
737.305 0.0266612
738.031 0.0266439
738.757 0.0266265
739.483 0.0266090
740.208 0.0265914
740.933 0.0265736
741.658 0.0265557
742.383 0.0265377
743.108 0.0265196
743.832 0.0265014
744.556 0.0264831
745.280 0.0264648
746.004 0.0264463
746.727 0.0264279
747.450 0.0264094
748.173 0.0263908
748.896 0.0263722
749.618 0.0263537
750.340 0.0263351
751.062 0.0263165
751.784 0.0262980
752.506 0.0262795
753.227 0.0262610
753.948 0.0262427
754.669 0.0262243
755.389 0.0262061
756.110 0.0261880
756.830 0.0261700
757.550 0.0261521
758.269 0.0261343
758.989 0.0261167
759.708 0.0260992
760.427 0.0260819
761.146 0.0260648
761.864 0.0260479
762.582 0.0260312
763.300 0.0260147
764.018 0.0259984
764.736 0.0259823
765.453 0.0259665
766.170 0.0259509
766.887 0.0259355
767.603 0.0259205
768.320 0.0259056
769.036 0.0258911
769.751 0.0258769
770.467 0.0258629
771.182 0.0258492
771.897 0.0258358
772.612 0.0258226
773.327 0.0258098
774.041 0.0257973
774.755 0.0257850
775.469 0.0257731
776.183 0.0257614
776.896 0.0257501
777.609 0.0257390
778.322 0.0257283
779.035 0.0257178
779.747 0.0257076
780.459 0.0256977
781.171 0.0256881
781.882 0.0256787
782.594 0.0256696
783.305 0.0256608
784.016 0.0256522
784.726 0.0256439
785.436 0.0256358
786.147 0.0256280
786.856 0.0256203
787.566 0.0256129
788.275 0.0256057
788.984 0.0255987
789.693 0.0255918
790.401 0.0255851
791.110 0.0255786
791.818 0.0255722
792.525 0.0255660
793.233 0.0255599
793.940 0.0255539
794.647 0.0255480
795.353 0.0255422
796.060 0.0255365
796.766 0.0255308
797.472 0.0255252
798.177 0.0255196
798.883 0.0255141
799.588 0.0255085
800.292 0.0255030
800.997 0.0254974
801.701 0.0254918
802.405 0.0254862
803.109 0.0254805
803.812 0.0254748
804.515 0.0254689
805.218 0.0254630
805.921 0.0254570
806.623 0.0254509
807.325 0.0254446
808.027 0.0254382
808.728 0.0254317
809.429 0.0254250
810.130 0.0254182
810.831 0.0254112
811.531 0.0254040
812.231 0.0253966
812.931 0.0253890
813.630 0.0253812
814.330 0.0253731
815.029 0.0253649
815.727 0.0253564
816.426 0.0253477
817.124 0.0253388
817.821 0.0253296
818.519 0.0253202
819.216 0.0253105
819.913 0.0253005
820.609 0.0252903
821.306 0.0252799
822.002 0.0252691
822.697 0.0252582
823.393 0.0252469
824.088 0.0252354
824.783 0.0252236
825.477 0.0252116
826.171 0.0251993
826.865 0.0251868
827.559 0.0251740
828.252 0.0251609
828.945 0.0251476
829.638 0.0251341
830.330 0.0251203
831.023 0.0251063
831.714 0.0250921
832.406 0.0250776
833.097 0.0250629
833.788 0.0250480
834.479 0.0250329
835.169 0.0250177
835.859 0.0250022
836.548 0.0249866
837.238 0.0249708
837.927 0.0249548
838.615 0.0249387
839.304 0.0249225
839.992 0.0249061
840.680 0.0248896
841.367 0.0248731
842.054 0.0248564
842.741 0.0248396
843.428 0.0248227
844.114 0.0248059
844.800 0.0247889
845.485 0.0247719
846.170 0.0247549
846.855 0.0247379
847.540 0.0247209
848.224 0.0247038
848.908 0.0246868
849.592 0.0246699
850.275 0.0246530
850.958 0.0246361
851.641 0.0246193
852.323 0.0246026
853.005 0.0245860
853.687 0.0245695
854.368 0.0245531
855.049 0.0245369
855.730 0.0245208
856.410 0.0245048
857.090 0.0244890
857.769 0.0244734
858.449 0.0244580
859.128 0.0244427
859.806 0.0244277
860.485 0.0244129
861.163 0.0243983
861.840 0.0243839
862.518 0.0243698
863.195 0.0243559
863.871 0.0243423
864.548 0.0243289
865.224 0.0243158
865.899 0.0243030
866.574 0.0242905
867.249 0.0242783
867.924 0.0242664
868.598 0.0242548
869.272 0.0242435
869.946 0.0242325
870.619 0.0242218
871.292 0.0242115
871.964 0.0242014
872.636 0.0241918
873.308 0.0241824
873.979 0.0241734
874.651 0.0241647
875.321 0.0241564
875.992 0.0241483
876.662 0.0241407
877.331 0.0241334
878.001 0.0241264
878.670 0.0241197
879.338 0.0241134
880.007 0.0241074
880.675 0.0241018
881.342 0.0240965
882.009 0.0240915
882.676 0.0240869
883.343 0.0240826
884.009 0.0240785
884.675 0.0240749
885.340 0.0240715
886.005 0.0240684
886.670 0.0240656
887.334 0.0240631
887.998 0.0240609
888.662 0.0240590
889.325 0.0240574
889.988 0.0240560
890.650 0.0240549
891.312 0.0240540
891.974 0.0240534
892.636 0.0240530
893.297 0.0240529
893.957 0.0240530
894.618 0.0240533
895.278 0.0240537
895.937 0.0240544
896.596 0.0240553
897.255 0.0240563
897.914 0.0240575
898.572 0.0240589
899.230 0.0240604
899.887 0.0240620
900.544 0.0240638
901.201 0.0240657
901.857 0.0240677
902.513 0.0240697
903.168 0.0240719
903.823 0.0240741
904.478 0.0240764
905.132 0.0240787
905.786 0.0240811
906.440 0.0240835
907.093 0.0240860
907.746 0.0240884
908.399 0.0240908
909.051 0.0240932
909.703 0.0240956
910.354 0.0240980
911.005 0.0241003
911.656 0.0241026
912.306 0.0241048
912.956 0.0241069
913.605 0.0241089
914.254 0.0241109
914.903 0.0241127
915.551 0.0241144
916.199 0.0241160
916.847 0.0241175
917.494 0.0241188
918.141 0.0241200
918.788 0.0241210
919.434 0.0241219
920.079 0.0241226
920.725 0.0241231
921.370 0.0241234
922.014 0.0241235
922.658 0.0241234
923.302 0.0241231
923.946 0.0241225
924.589 0.0241218
925.231 0.0241208
925.873 0.0241195
926.515 0.0241181
927.157 0.0241163
927.798 0.0241144
928.439 0.0241121
929.079 0.0241096
929.719 0.0241069
930.359 0.0241038
930.998 0.0241005
931.637 0.0240969
932.275 0.0240930
932.913 0.0240888
933.551 0.0240844
934.188 0.0240796
934.825 0.0240746
935.462 0.0240693
936.098 0.0240636
936.733 0.0240577
937.369 0.0240515
938.004 0.0240450
938.638 0.0240382
939.273 0.0240310
939.907 0.0240236
940.540 0.0240159
941.173 0.0240079
941.806 0.0239996
942.438 0.0239910
943.070 0.0239821
943.702 0.0239729
944.333 0.0239634
944.964 0.0239537
945.594 0.0239436
946.224 0.0239333
946.854 0.0239227
947.483 0.0239119
948.112 0.0239007
948.741 0.0238893
949.369 0.0238776
949.996 0.0238657
950.624 0.0238536
951.251 0.0238411
951.878 0.0238285
952.504 0.0238156
953.130 0.0238024
953.755 0.0237891
954.380 0.0237755
955.005 0.0237617
955.629 0.0237477
956.253 0.0237335
956.877 0.0237191
957.500 0.0237045
958.123 0.0236898
958.746 0.0236748
959.368 0.0236597
959.990 0.0236444
960.611 0.0236308
961.232 0.0236169
961.853 0.0236029
962.473 0.0235888
963.093 0.0235746
963.712 0.0235603
964.331 0.0235458
964.950 0.0235312
965.569 0.0235165
966.187 0.0235018
966.804 0.0234869
967.422 0.0234720
968.039 0.0234570
968.655 0.0234420
969.272 0.0234269
969.887 0.0234118
970.503 0.0233966
971.118 0.0233814
971.733 0.0233662
972.347 0.0233510
972.961 0.0233358
973.575 0.0233206
974.188 0.0233054
974.801 0.0232902
975.414 0.0232751
976.026 0.0232600
976.638 0.0232449
977.250 0.0232299
977.861 0.0232150
978.472 0.0232002
979.083 0.0231854
979.693 0.0231707
980.303 0.0231561
980.912 0.0231416
981.521 0.0231273
982.130 0.0231130
982.738 0.0230989
983.346 0.0230849
983.954 0.0230710
984.562 0.0230573
985.169 0.0230437
985.775 0.0230303
986.382 0.0230170
986.988 0.0230040
987.594 0.0229911
988.199 0.0229784
988.804 0.0229659
989.409 0.0229535
990.013 0.0229414
990.617 0.0229295
991.221 0.0229178
991.824 0.0229063
992.427 0.0228951
993.030 0.0228840
993.632 0.0228732
994.234 0.0228627
994.836 0.0228524
995.438 0.0228423
996.039 0.0228325
996.640 0.0228229
997.240 0.0228136
997.840 0.0228045
998.440 0.0227958
999.040 0.0227872
999.639 0.0227790
1000.238 0.0227705
1000.836 0.0227613
1001.435 0.0227524
1002.033 0.0227438
1002.630 0.0227355
1003.228 0.0227275
1003.825 0.0227198
1004.422 0.0227124
1005.018 0.0227053
1005.614 0.0226985
1006.210 0.0226920
1006.806 0.0226858
1007.401 0.0226799
1007.996 0.0226743
1008.591 0.0226690
1009.186 0.0226640
1009.780 0.0226593
1010.374 0.0226549
1010.967 0.0226508
1011.561 0.0226470
1012.154 0.0226436
1012.746 0.0226404
1013.339 0.0226375
1013.931 0.0226349
1014.523 0.0226327
1015.115 0.0226307
1015.706 0.0226290
1016.298 0.0226276
1016.888 0.0226265
1017.479 0.0226257
1018.069 0.0226252
1018.660 0.0226250
1019.250 0.0226250
1019.839 0.0226254
1020.429 0.0226260
1021.018 0.0226269
1021.607 0.0226281
1022.195 0.0226295
1022.784 0.0226312
1023.372 0.0226331
1023.960 0.0226354
1024.547 0.0226378
1025.135 0.0226405
1025.722 0.0226435
1026.309 0.0226467
1026.896 0.0226502
1027.483 0.0226539
1028.069 0.0226578
1028.655 0.0226619
1029.241 0.0226663
1029.827 0.0226709
1030.412 0.0226757
1030.997 0.0226807
1031.582 0.0226859
1032.167 0.0226913
1032.752 0.0226969
1033.336 0.0227026
1033.921 0.0227086
1034.505 0.0227147
1035.089 0.0227210
1035.672 0.0227275
1036.256 0.0227341
1036.839 0.0227409
1037.422 0.0227478
1038.005 0.0227549
1038.588 0.0227621
1039.171 0.0227695
1039.753 0.0227769
1040.335 0.0227845
1040.918 0.0227922
1041.500 0.0228000
1042.081 0.0228079
1042.663 0.0228159
1043.244 0.0228240
1043.826 0.0228322
1044.407 0.0228404
1044.988 0.0228487
1045.569 0.0228571
1046.150 0.0228656
1046.730 0.0228740
1047.311 0.0228826
1047.891 0.0228912
1048.471 0.0228998
1049.052 0.0229084
1049.632 0.0229171
1050.211 0.0229257
1050.791 0.0229344
1051.371 0.0229431
1051.950 0.0229518
1052.530 0.0229604
1053.109 0.0229691
1053.688 0.0229777
1054.268 0.0229863
1054.847 0.0229949
1055.426 0.0230034
1056.005 0.0230119
1056.583 0.0230203
1057.162 0.0230287
1057.741 0.0230370
1058.319 0.0230452
1058.898 0.0230533
1059.476 0.0230614
1060.055 0.0230694
1060.633 0.0230773
1061.211 0.0230851
1061.790 0.0230928
1062.368 0.0231004
1062.946 0.0231078
1063.524 0.0231152
1064.102 0.0231224
1064.680 0.0231295
1065.258 0.0231364
1065.836 0.0231432
1066.414 0.0231499
1066.992 0.0231564
1067.570 0.0231628
1068.148 0.0231690
1068.726 0.0231750
1069.304 0.0231809
1069.882 0.0231865
1070.460 0.0231921
1071.038 0.0231974
1071.616 0.0232025
1072.194 0.0232075
1072.772 0.0232122
1073.350 0.0232167
1073.928 0.0232211
1074.506 0.0232252
1075.084 0.0232291
1075.662 0.0232328
1076.240 0.0232363
1076.819 0.0232396
1077.397 0.0232426
1077.976 0.0232454
1078.554 0.0232480
1079.133 0.0232503
1079.711 0.0232524
1080.290 0.0232543
1080.869 0.0232559
1081.448 0.0232573
1082.027 0.0232584
1082.606 0.0232592
1083.185 0.0232598
1083.764 0.0232602
1084.343 0.0232603
1084.923 0.0232601
1085.502 0.0232597
1086.082 0.0232590
1086.662 0.0232580
1087.242 0.0232567
1087.822 0.0232552
1088.402 0.0232535
1088.983 0.0232514
1089.563 0.0232491
1090.144 0.0232464
1090.725 0.0232436
1091.306 0.0232404
1091.887 0.0232370
1092.469 0.0232332
1093.050 0.0232292
1093.632 0.0232249
1094.214 0.0232204
1094.796 0.0232155
1095.379 0.0232104
1095.961 0.0232050
1096.544 0.0231993
1097.127 0.0231933
1097.710 0.0231871
1098.294 0.0231805
1098.877 0.0231737
1099.461 0.0231666
1100.046 0.0231592
1100.630 0.0231516
1101.215 0.0231436
1101.800 0.0231354
1102.385 0.0231269
1102.970 0.0231182
1103.556 0.0231091
1104.142 0.0230998
1104.728 0.0230903
1105.315 0.0230804
1105.902 0.0230703
1106.489 0.0230599
1107.077 0.0230493
1107.664 0.0230384
1108.253 0.0230272
1108.841 0.0230158
1109.430 0.0230041
1110.019 0.0229922
1110.609 0.0229800
1111.198 0.0229676
1111.789 0.0229549
1112.379 0.0229420
1112.970 0.0229288
1113.561 0.0229154
1114.153 0.0229018
1114.745 0.0228879
1115.338 0.0228738
1115.931 0.0228595
1116.524 0.0228450
1117.117 0.0228303
1117.712 0.0228153
1118.306 0.0228001
1118.901 0.0227848
1119.496 0.0227692
1120.092 0.0227534
1120.689 0.0227374
1121.285 0.0227213
1121.882 0.0227050
1122.480 0.0226884
1123.078 0.0226717
1123.677 0.0226548
1124.276 0.0226378
1124.875 0.0226206
1125.476 0.0226032
1126.076 0.0225857
1126.677 0.0225680
1127.279 0.0225502
1127.881 0.0225322
1128.484 0.0225141
1129.087 0.0224959
1129.691 0.0224775
1130.295 0.0224590
1130.900 0.0224404
1131.505 0.0224217
1132.111 0.0224029
1132.718 0.0223840
1133.325 0.0223650
1133.933 0.0223459
1134.541 0.0223267
1135.150 0.0223075
1135.760 0.0222881
1136.370 0.0222688
1136.981 0.0222493
1137.592 0.0222298
1138.204 0.0222102
1138.817 0.0221906
1139.431 0.0221710
1140.045 0.0221513
1140.660 0.0221316
1141.275 0.0221119
1141.891 0.0220921
1142.508 0.0220724
1143.126 0.0220526
1143.744 0.0220329
1144.363 0.0220131
1144.983 0.0219934
