432.689 0.0453231
433.621 0.0451868
434.552 0.0450519
435.482 0.0449184
436.410 0.0447862
437.337 0.0446553
438.262 0.0445258
439.187 0.0443974
440.110 0.0442704
441.031 0.0441447
441.952 0.0440201
442.871 0.0438967
443.789 0.0437745
444.705 0.0436536
445.621 0.0435336
446.535 0.0434149
447.447 0.0432974
448.359 0.0431809
449.269 0.0430656
450.178 0.0429513
451.086 0.0428380
451.993 0.0427257
452.898 0.0426146
453.803 0.0425044
454.706 0.0423952
455.608 0.0422871
456.508 0.0421800
457.408 0.0420737
458.306 0.0419685
459.204 0.0418641
460.100 0.0417607
460.995 0.0416582
461.888 0.0415567
462.781 0.0414560
463.673 0.0413561
464.563 0.0412572
465.452 0.0411592
466.340 0.0410620
467.228 0.0409655
468.114 0.0408699
468.999 0.0407751
469.882 0.0406812
470.765 0.0405880
471.647 0.0404955
472.528 0.0404039
473.407 0.0403130
474.286 0.0402228
475.163 0.0401335
476.040 0.0400447
476.915 0.0399568
477.790 0.0398695
478.663 0.0397830
479.535 0.0396972
480.407 0.0396119
481.277 0.0395275
482.147 0.0394436
483.015 0.0393604
483.883 0.0392779
484.749 0.0391960
485.615 0.0391148
486.479 0.0390342
487.343 0.0389542
488.206 0.0388748
489.067 0.0387961
489.928 0.0387179
490.788 0.0386404
491.647 0.0385634
492.505 0.0384870
493.362 0.0384112
494.218 0.0383360
495.073 0.0382614
495.928 0.0381873
496.781 0.0381138
497.634 0.0380408
498.486 0.0379683
499.337 0.0378964
500.187 0.0378250
501.036 0.0377542
501.884 0.0376839
502.731 0.0376141
503.578 0.0375448
504.424 0.0374759
505.268 0.0374077
506.113 0.0373398
506.956 0.0372724
507.798 0.0372056
508.640 0.0371391
509.480 0.0370732
510.320 0.0370077
511.160 0.0369426
511.998 0.0368780
512.836 0.0368138
513.672 0.0367501
514.508 0.0366867
515.344 0.0366238
516.178 0.0365613
517.012 0.0364992
517.845 0.0364375
518.677 0.0363762
519.508 0.0363153
520.339 0.0362548
521.169 0.0361947
521.998 0.0361349
522.826 0.0360756
523.654 0.0360166
524.481 0.0359580
525.307 0.0358998
526.133 0.0358419
526.958 0.0357844
527.782 0.0357273
528.605 0.0356706
529.428 0.0356142
530.250 0.0355582
531.072 0.0355025
531.892 0.0354472
532.712 0.0353922
533.532 0.0353376
534.350 0.0352834
535.168 0.0352295
535.986 0.0351760
536.802 0.0351228
537.618 0.0350700
538.434 0.0350174
539.249 0.0349653
540.063 0.0349135
540.876 0.0348620
541.689 0.0348109
542.501 0.0347601
543.313 0.0347095
544.124 0.0346594
544.934 0.0346095
545.744 0.0345600
546.553 0.0345108
547.361 0.0344619
548.169 0.0344132
548.976 0.0343649
549.783 0.0343169
550.589 0.0342691
551.395 0.0342216
552.200 0.0341744
553.004 0.0341275
553.808 0.0340809
554.611 0.0340345
555.414 0.0339883
556.216 0.0339424
557.018 0.0338967
557.819 0.0338513
558.619 0.0338061
559.419 0.0337611
560.218 0.0337164
561.017 0.0336719
561.815 0.0336276
562.613 0.0335835
563.410 0.0335396
564.207 0.0334959
565.003 0.0334525
565.799 0.0334092
566.594 0.0333662
567.388 0.0333233
568.182 0.0332807
568.976 0.0332382
569.769 0.0331960
570.562 0.0331539
571.354 0.0331120
572.145 0.0330704
572.936 0.0330290
573.727 0.0329877
574.517 0.0329466
575.307 0.0329058
576.096 0.0328651
576.885 0.0328247
577.673 0.0327845
578.461 0.0327445
579.248 0.0327047
580.035 0.0326651
580.821 0.0326258
581.607 0.0325866
582.392 0.0325478
583.177 0.0325091
583.962 0.0324706
584.746 0.0324324
585.529 0.0323944
586.313 0.0323566
587.095 0.0323191
587.878 0.0322818
588.660 0.0322448
589.441 0.0322080
590.222 0.0321714
591.003 0.0321350
591.783 0.0320989
592.563 0.0320630
593.342 0.0320273
594.121 0.0319919
594.899 0.0319567
595.678 0.0319217
596.455 0.0318869
597.233 0.0318523
598.009 0.0318180
598.786 0.0317839
599.562 0.0317499
600.338 0.0317162
601.113 0.0316826
601.888 0.0316493
602.663 0.0316161
603.437 0.0315830
604.211 0.0315502
604.984 0.0315175
605.757 0.0314850
606.530 0.0314526
607.302 0.0314204
608.074 0.0313883
608.845 0.0313563
609.616 0.0313245
610.387 0.0312927
611.158 0.0312611
611.928 0.0312296
612.697 0.0311982
613.467 0.0311669
614.236 0.0311356
615.004 0.0311045
615.773 0.0310734
616.541 0.0310424
617.308 0.0310116
618.076 0.0309807
618.843 0.0309499
619.609 0.0309192
620.375 0.0308886
621.141 0.0308580
621.907 0.0308275
622.672 0.0307971
623.437 0.0307667
624.202 0.0307363
624.966 0.0307060
625.730 0.0306758
626.493 0.0306457
627.257 0.0306156
628.020 0.0305856
628.782 0.0305557
629.545 0.0305258
630.307 0.0304960
631.068 0.0304663
631.830 0.0304367
632.591 0.0304072
633.352 0.0303778
634.112 0.0303485
634.872 0.0303193
635.632 0.0302902
636.392 0.0302612
637.151 0.0302324
637.910 0.0302037
638.668 0.0301751
639.427 0.0301467
640.185 0.0301184
640.943 0.0300903
641.700 0.0300624
642.457 0.0300346
643.214 0.0300070
643.971 0.0299795
644.727 0.0299523
645.483 0.0299252
646.239 0.0298983
646.994 0.0298716
647.750 0.0298451
648.505 0.0298188
649.259 0.0297927
650.014 0.0297668
650.768 0.0297411
651.521 0.0297157
652.275 0.0296904
653.028 0.0296654
653.781 0.0296405
654.534 0.0296159
655.286 0.0295915
656.039 0.0295672
656.791 0.0295432
657.542 0.0295194
658.294 0.0294958
659.045 0.0294724
659.796 0.0294491
660.546 0.0294261
661.297 0.0294032
662.047 0.0293805
662.796 0.0293580
663.546 0.0293356
664.295 0.0293134
665.044 0.0292913
665.793 0.0292694
666.542 0.0292476
667.290 0.0292259
668.038 0.0292044
668.786 0.0291829
669.533 0.0291616
670.281 0.0291403
671.028 0.0291191
671.774 0.0290981
672.521 0.0290770
673.267 0.0290561
674.013 0.0290351
674.759 0.0290143
675.505 0.0289934
676.250 0.0289726
676.995 0.0289518
677.740 0.0289310
678.484 0.0289102
679.229 0.0288894
679.973 0.0288686
680.717 0.0288477
681.460 0.0288269
682.204 0.0288060
682.947 0.0287850
683.690 0.0287641
684.433 0.0287430
685.175 0.0287220
685.917 0.0287008
686.659 0.0286797
687.401 0.0286584
688.142 0.0286371
688.884 0.0286157
689.625 0.0285943
690.365 0.0285728
691.106 0.0285512
691.846 0.0285296
692.586 0.0285079
693.326 0.0284861
694.066 0.0284643
694.805 0.0284425
695.545 0.0284205
696.284 0.0283985
697.022 0.0283765
697.761 0.0283544
698.499 0.0283324
699.237 0.0283102
699.975 0.0282881
700.713 0.0282659
701.450 0.0282437
702.187 0.0282216
702.924 0.0281994
703.661 0.0281772
704.397 0.0281551
705.133 0.0281330
705.869 0.0281109
706.605 0.0280889
707.341 0.0280669
708.076 0.0280450
708.811 0.0280231
709.546 0.0280014
710.281 0.0279797
711.015 0.0279582
711.749 0.0279367
712.483 0.0279154
713.217 0.0278942
713.950 0.0278731
714.684 0.0278521
715.417 0.0278314
716.150 0.0278108
716.882 0.0277903
717.615 0.0277700
718.347 0.0277500
719.079 0.0277301
719.811 0.0277104
720.542 0.0276909
721.273 0.0276716
722.005 0.0276525
722.735 0.0276337
723.466 0.0276151
724.196 0.0275967
724.927 0.0275785
725.656 0.0275607
726.386 0.0275430
727.116 0.0275255
727.845 0.0275083
728.574 0.0274914
729.303 0.0274747
730.031 0.0274582
730.760 0.0274420
731.488 0.0274260
732.216 0.0274103
732.944 0.0273948
733.671 0.0273796
734.398 0.0273645
735.125 0.0273498
735.852 0.0273352
736.579 0.0273208
737.305 0.0273067
738.031 0.0272928
738.757 0.0272791
739.483 0.0272656
740.208 0.0272523
740.933 0.0272391
741.658 0.0272262
742.383 0.0272134
743.108 0.0272007
743.832 0.0271882
744.556 0.0271759
745.280 0.0271637
746.004 0.0271516
746.727 0.0271396
747.450 0.0271277
748.173 0.0271160
748.896 0.0271043
749.618 0.0270926
750.340 0.0270811
751.062 0.0270696
751.784 0.0270581
752.506 0.0270466
753.227 0.0270352
753.948 0.0270238
754.669 0.0270124
755.389 0.0270009
756.110 0.0269895
756.830 0.0269780
757.550 0.0269664
758.269 0.0269549
758.989 0.0269432
759.708 0.0269315
760.427 0.0269197
761.146 0.0269078
761.864 0.0268958
762.582 0.0268837
763.300 0.0268715
764.018 0.0268591
764.736 0.0268466
765.453 0.0268340
766.170 0.0268213
766.887 0.0268084
767.603 0.0267953
768.320 0.0267821
769.036 0.0267687
769.751 0.0267552
770.467 0.0267415
771.182 0.0267276
771.897 0.0267135
772.612 0.0266993
773.327 0.0266848
774.041 0.0266702
774.755 0.0266554
775.469 0.0266404
776.183 0.0266253
776.896 0.0266099
777.609 0.0265944
778.322 0.0265787
779.035 0.0265628
779.747 0.0265467
780.459 0.0265305
781.171 0.0265141
781.882 0.0264976
782.594 0.0264808
783.305 0.0264640
784.016 0.0264469
784.726 0.0264298
785.436 0.0264125
786.147 0.0263951
786.856 0.0263775
787.566 0.0263599
788.275 0.0263421
788.984 0.0263242
789.693 0.0263063
790.401 0.0262883
791.110 0.0262701
791.818 0.0262520
792.525 0.0262337
793.233 0.0262155
793.940 0.0261972
794.647 0.0261788
795.353 0.0261605
796.060 0.0261422
796.766 0.0261238
797.472 0.0261055
798.177 0.0260872
798.883 0.0260689
799.588 0.0260507
800.292 0.0260326
800.997 0.0260145
801.701 0.0259965
802.405 0.0259786
803.109 0.0259608
803.812 0.0259431
804.515 0.0259255
805.218 0.0259081
805.921 0.0258908
806.623 0.0258737
807.325 0.0258567
808.027 0.0258398
808.728 0.0258232
809.429 0.0258068
810.130 0.0257905
810.831 0.0257745
811.531 0.0257587
812.231 0.0257430
812.931 0.0257277
813.630 0.0257125
814.330 0.0256976
815.029 0.0256830
815.727 0.0256686
816.426 0.0256544
817.124 0.0256405
817.821 0.0256270
818.519 0.0256136
819.216 0.0256006
819.913 0.0255878
820.609 0.0255754
821.306 0.0255632
822.002 0.0255513
822.697 0.0255397
823.393 0.0255284
824.088 0.0255174
824.783 0.0255066
825.477 0.0254962
826.171 0.0254861
826.865 0.0254763
827.559 0.0254668
828.252 0.0254576
828.945 0.0254486
829.638 0.0254400
830.330 0.0254316
831.023 0.0254236
831.714 0.0254158
832.406 0.0254083
833.097 0.0254011
833.788 0.0253941
834.479 0.0253874
835.169 0.0253810
835.859 0.0253748
836.548 0.0253689
837.238 0.0253632
837.927 0.0253577
838.615 0.0253525
839.304 0.0253475
839.992 0.0253427
840.680 0.0253381
841.367 0.0253337
842.054 0.0253295
842.741 0.0253255
843.428 0.0253216
844.114 0.0253179
844.800 0.0253144
845.485 0.0253110
846.170 0.0253078
846.855 0.0253046
847.540 0.0253016
848.224 0.0252987
848.908 0.0252959
849.592 0.0252932
850.275 0.0252905
850.958 0.0252880
851.641 0.0252854
852.323 0.0252830
853.005 0.0252805
853.687 0.0252781
854.368 0.0252757
855.049 0.0252733
855.730 0.0252709
856.410 0.0252685
857.090 0.0252660
857.769 0.0252635
858.449 0.0252610
859.128 0.0252584
859.806 0.0252558
860.485 0.0252530
861.163 0.0252502
861.840 0.0252473
862.518 0.0252443
863.195 0.0252412
863.871 0.0252380
864.548 0.0252346
865.224 0.0252311
865.899 0.0252274
866.574 0.0252236
867.249 0.0252197
867.924 0.0252155
868.598 0.0252112
869.272 0.0252067
869.946 0.0252020
870.619 0.0251972
871.292 0.0251921
871.964 0.0251868
872.636 0.0251813
873.308 0.0251756
873.979 0.0251696
874.651 0.0251635
875.321 0.0251571
875.992 0.0251504
876.662 0.0251435
877.331 0.0251364
878.001 0.0251291
878.670 0.0251214
879.338 0.0251136
880.007 0.0251055
880.675 0.0250971
881.342 0.0250885
882.009 0.0250796
882.676 0.0250704
883.343 0.0250610
884.009 0.0250513
884.675 0.0250414
885.340 0.0250312
886.005 0.0250208
886.670 0.0250101
887.334 0.0249992
887.998 0.0249880
888.662 0.0249765
889.325 0.0249648
889.988 0.0249529
890.650 0.0249407
891.312 0.0249283
891.974 0.0249156
892.636 0.0249027
893.297 0.0248896
893.957 0.0248762
894.618 0.0248626
895.278 0.0248489
895.937 0.0248349
896.596 0.0248207
897.255 0.0248063
897.914 0.0247917
898.572 0.0247769
899.230 0.0247620
899.887 0.0247469
900.544 0.0247316
901.201 0.0247161
901.857 0.0247005
902.513 0.0246847
903.168 0.0246689
903.823 0.0246528
904.478 0.0246367
905.132 0.0246204
905.786 0.0246041
906.440 0.0245876
907.093 0.0245710
907.746 0.0245543
908.399 0.0245376
909.051 0.0245208
909.703 0.0245039
910.354 0.0244870
911.005 0.0244701
911.656 0.0244531
912.306 0.0244361
912.956 0.0244190
913.605 0.0244020
914.254 0.0243850
914.903 0.0243679
915.551 0.0243509
916.199 0.0243339
916.847 0.0243170
917.494 0.0243000
918.141 0.0242832
918.788 0.0242664
919.434 0.0242496
920.079 0.0242330
920.725 0.0242164
921.370 0.0241999
922.014 0.0241835
922.658 0.0241672
923.302 0.0241511
923.946 0.0241350
924.589 0.0241191
925.231 0.0241034
925.873 0.0240878
926.515 0.0240723
927.157 0.0240570
927.798 0.0240418
928.439 0.0240269
929.079 0.0240121
929.719 0.0239975
930.359 0.0239831
930.998 0.0239689
931.637 0.0239549
932.275 0.0239412
932.913 0.0239276
933.551 0.0239143
934.188 0.0239012
934.825 0.0238883
935.462 0.0238757
936.098 0.0238633
936.733 0.0238512
937.369 0.0238393
938.004 0.0238276
938.638 0.0238163
939.273 0.0238052
939.907 0.0237943
940.540 0.0237838
941.173 0.0237735
941.806 0.0237635
942.438 0.0237538
943.070 0.0237444
943.702 0.0237352
944.333 0.0237263
944.964 0.0237178
945.594 0.0237095
946.224 0.0237015
946.854 0.0236938
947.483 0.0236864
948.112 0.0236793
948.741 0.0236725
949.369 0.0236660
949.996 0.0236597
950.624 0.0236538
951.251 0.0236482
951.878 0.0236429
952.504 0.0236378
953.130 0.0236331
953.755 0.0236286
954.380 0.0236245
955.005 0.0236206
955.629 0.0236170
956.253 0.0236137
956.877 0.0236107
957.500 0.0236080
958.123 0.0236055
958.746 0.0236034
959.368 0.0236015
959.990 0.0235999
960.611 0.0236003
961.232 0.0236011
961.853 0.0236020
962.473 0.0236033
963.093 0.0236048
963.712 0.0236065
964.331 0.0236085
964.950 0.0236107
965.569 0.0236131
966.187 0.0236158
966.804 0.0236186
967.422 0.0236217
968.039 0.0236250
968.655 0.0236285
969.272 0.0236322
969.887 0.0236361
970.503 0.0236402
971.118 0.0236445
971.733 0.0236490
972.347 0.0236536
972.961 0.0236584
973.575 0.0236633
974.188 0.0236685
974.801 0.0236737
975.414 0.0236791
976.026 0.0236847
976.638 0.0236904
977.250 0.0236962
977.861 0.0237021
978.472 0.0237081
979.083 0.0237143
979.693 0.0237206
980.303 0.0237269
980.912 0.0237333
981.521 0.0237398
982.130 0.0237464
982.738 0.0237531
983.346 0.0237598
983.954 0.0237666
984.562 0.0237734
985.169 0.0237803
985.775 0.0237872
986.382 0.0237942
986.988 0.0238011
987.594 0.0238081
988.199 0.0238151
988.804 0.0238221
989.409 0.0238291
990.013 0.0238361
990.617 0.0238430
991.221 0.0238500
991.824 0.0238569
992.427 0.0238638
993.030 0.0238706
993.632 0.0238774
994.234 0.0238841
994.836 0.0238908
995.438 0.0238975
996.039 0.0239040
996.640 0.0239105
997.240 0.0239169
997.840 0.0239232
998.440 0.0239294
999.040 0.0239355
999.639 0.0239415
1000.238 0.0239467
1000.836 0.0239509
1001.435 0.0239550
1002.033 0.0239589
1002.630 0.0239627
1003.228 0.0239664
1003.825 0.0239699
1004.422 0.0239733
1005.018 0.0239765
1005.614 0.0239796
1006.210 0.0239825
1006.806 0.0239852
1007.401 0.0239878
1007.996 0.0239902
1008.591 0.0239925
1009.186 0.0239945
1009.780 0.0239964
1010.374 0.0239981
1010.967 0.0239996
1011.561 0.0240009
1012.154 0.0240020
1012.746 0.0240029
1013.339 0.0240036
1013.931 0.0240041
1014.523 0.0240044
1015.115 0.0240044
1015.706 0.0240043
1016.298 0.0240039
1016.888 0.0240033
1017.479 0.0240025
1018.069 0.0240014
1018.660 0.0240001
1019.250 0.0239986
1019.839 0.0239969
1020.429 0.0239949
1021.018 0.0239927
1021.607 0.0239902
1022.195 0.0239875
1022.784 0.0239846
1023.372 0.0239814
1023.960 0.0239780
1024.547 0.0239743
1025.135 0.0239704
1025.722 0.0239663
1026.309 0.0239619
1026.896 0.0239572
1027.483 0.0239523
1028.069 0.0239472
1028.655 0.0239418
1029.241 0.0239361
1029.827 0.0239302
1030.412 0.0239241
1030.997 0.0239177
1031.582 0.0239111
1032.167 0.0239042
1032.752 0.0238971
1033.336 0.0238898
1033.921 0.0238822
1034.505 0.0238743
1035.089 0.0238662
1035.672 0.0238579
1036.256 0.0238493
1036.839 0.0238405
1037.422 0.0238315
1038.005 0.0238222
1038.588 0.0238127
1039.171 0.0238030
1039.753 0.0237930
1040.335 0.0237828
1040.918 0.0237724
1041.500 0.0237618
1042.081 0.0237510
1042.663 0.0237399
1043.244 0.0237286
1043.826 0.0237171
1044.407 0.0237054
1044.988 0.0236935
1045.569 0.0236814
1046.150 0.0236691
1046.730 0.0236566
1047.311 0.0236439
1047.891 0.0236310
1048.471 0.0236179
1049.052 0.0236046
1049.632 0.0235912
1050.211 0.0235776
1050.791 0.0235638
1051.371 0.0235498
1051.950 0.0235357
1052.530 0.0235214
1053.109 0.0235069
1053.688 0.0234923
1054.268 0.0234775
1054.847 0.0234626
1055.426 0.0234476
1056.005 0.0234324
1056.583 0.0234171
1057.162 0.0234016
1057.741 0.0233860
1058.319 0.0233703
1058.898 0.0233545
1059.476 0.0233386
1060.055 0.0233225
1060.633 0.0233064
1061.211 0.0232901
1061.790 0.0232738
1062.368 0.0232573
1062.946 0.0232408
1063.524 0.0232242
1064.102 0.0232075
1064.680 0.0231908
1065.258 0.0231740
1065.836 0.0231571
1066.414 0.0231401
1066.992 0.0231231
1067.570 0.0231061
1068.148 0.0230890
1068.726 0.0230718
1069.304 0.0230547
1069.882 0.0230375
1070.460 0.0230202
1071.038 0.0230030
1071.616 0.0229857
1072.194 0.0229685
1072.772 0.0229512
1073.350 0.0229339
1073.928 0.0229166
1074.506 0.0228994
1075.084 0.0228821
1075.662 0.0228649
1076.240 0.0228477
1076.819 0.0228305
1077.397 0.0228133
1077.976 0.0227962
1078.554 0.0227791
1079.133 0.0227621
1079.711 0.0227451
1080.290 0.0227282
1080.869 0.0227113
1081.448 0.0226945
1082.027 0.0226778
1082.606 0.0226612
1083.185 0.0226446
1083.764 0.0226281
1084.343 0.0226117
1084.923 0.0225954
1085.502 0.0225792
1086.082 0.0225631
1086.662 0.0225471
1087.242 0.0225312
1087.822 0.0225154
1088.402 0.0224997
1088.983 0.0224842
1089.563 0.0224688
1090.144 0.0224535
1090.725 0.0224383
1091.306 0.0224233
1091.887 0.0224085
1092.469 0.0223938
1093.050 0.0223792
1093.632 0.0223648
1094.214 0.0223505
1094.796 0.0223365
1095.379 0.0223225
1095.961 0.0223088
1096.544 0.0222952
1097.127 0.0222818
1097.710 0.0222686
1098.294 0.0222556
1098.877 0.0222427
1099.461 0.0222301
1100.046 0.0222176
1100.630 0.0222053
1101.215 0.0221933
1101.800 0.0221814
1102.385 0.0221698
1102.970 0.0221584
1103.556 0.0221471
1104.142 0.0221361
1104.728 0.0221253
1105.315 0.0221148
1105.902 0.0221044
1106.489 0.0220943
1107.077 0.0220844
1107.664 0.0220748
1108.253 0.0220653
1108.841 0.0220562
1109.430 0.0220472
1110.019 0.0220385
1110.609 0.0220300
1111.198 0.0220218
1111.789 0.0220139
1112.379 0.0220061
1112.970 0.0219987
1113.561 0.0219915
1114.153 0.0219845
1114.745 0.0219778
1115.338 0.0219713
1115.931 0.0219651
1116.524 0.0219592
1117.117 0.0219536
1117.712 0.0219481
1118.306 0.0219430
1118.901 0.0219381
1119.496 0.0219335
1120.092 0.0219292
1120.689 0.0219251
1121.285 0.0219213
1121.882 0.0219177
1122.480 0.0219145
1123.078 0.0219115
1123.677 0.0219087
1124.276 0.0219063
1124.875 0.0219041
1125.476 0.0219021
1126.076 0.0219005
1126.677 0.0218991
1127.279 0.0218980
1127.881 0.0218972
1128.484 0.0218966
1129.087 0.0218963
1129.691 0.0218963
1130.295 0.0218965
1130.900 0.0218970
1131.505 0.0218978
1132.111 0.0218988
1132.718 0.0219002
1133.325 0.0219017
1133.933 0.0219036
1134.541 0.0219057
1135.150 0.0219080
1135.760 0.0219107
1136.370 0.0219135
1136.981 0.0219167
1137.592 0.0219201
1138.204 0.0219237
1138.817 0.0219276
1139.431 0.0219318
1140.045 0.0219362
1140.660 0.0219409
1141.275 0.0219458
1141.891 0.0219509
1142.508 0.0219563
1143.126 0.0219619
1143.744 0.0219678
1144.363 0.0219739
1144.983 0.0219802
