432.689 0.0464594
433.621 0.0463185
434.552 0.0461790
435.482 0.0460408
436.410 0.0459040
437.337 0.0457686
438.262 0.0456346
439.187 0.0455018
440.110 0.0453703
441.031 0.0452402
441.952 0.0451111
442.871 0.0449834
443.789 0.0448569
444.705 0.0447317
445.621 0.0446075
446.535 0.0444845
447.447 0.0443629
448.359 0.0442421
449.269 0.0441226
450.178 0.0440042
451.086 0.0438869
451.993 0.0437706
452.898 0.0436554
453.803 0.0435412
454.706 0.0434281
455.608 0.0433159
456.508 0.0432049
457.408 0.0430948
458.306 0.0429857
459.204 0.0428774
460.100 0.0427702
460.995 0.0426639
461.888 0.0425587
462.781 0.0424542
463.673 0.0423506
464.563 0.0422480
465.452 0.0421463
466.340 0.0420455
467.228 0.0419453
468.114 0.0418461
468.999 0.0417478
469.882 0.0416503
470.765 0.0415536
471.647 0.0414576
472.528 0.0413624
473.407 0.0412681
474.286 0.0411745
475.163 0.0410817
476.040 0.0409896
476.915 0.0408983
477.790 0.0408076
478.663 0.0407178
479.535 0.0406287
480.407 0.0405402
481.277 0.0404524
482.147 0.0403653
483.015 0.0402789
483.883 0.0401932
484.749 0.0401081
485.615 0.0400237
486.479 0.0399400
487.343 0.0398568
488.206 0.0397743
489.067 0.0396926
489.928 0.0396113
490.788 0.0395307
491.647 0.0394507
492.505 0.0393713
493.362 0.0392926
494.218 0.0392144
495.073 0.0391368
495.928 0.0390597
496.781 0.0389833
497.634 0.0389074
498.486 0.0388320
499.337 0.0387572
500.187 0.0386830
501.036 0.0386093
501.884 0.0385362
502.731 0.0384636
503.578 0.0383914
504.424 0.0383198
505.268 0.0382488
506.113 0.0381782
506.956 0.0381081
507.798 0.0380386
508.640 0.0379694
509.480 0.0379009
510.320 0.0378327
511.160 0.0377649
511.998 0.0376977
512.836 0.0376309
513.672 0.0375647
514.508 0.0374988
515.344 0.0374333
516.178 0.0373683
517.012 0.0373037
517.845 0.0372395
518.677 0.0371757
519.508 0.0371124
520.339 0.0370495
521.169 0.0369869
521.998 0.0369248
522.826 0.0368631
523.654 0.0368017
524.481 0.0367407
525.307 0.0366801
526.133 0.0366199
526.958 0.0365600
527.782 0.0365006
528.605 0.0364415
529.428 0.0363828
530.250 0.0363244
531.072 0.0362664
531.892 0.0362088
532.712 0.0361515
533.532 0.0360946
534.350 0.0360381
535.168 0.0359819
535.986 0.0359260
536.802 0.0358705
537.618 0.0358153
538.434 0.0357605
539.249 0.0357060
540.063 0.0356519
540.876 0.0355982
541.689 0.0355447
542.501 0.0354917
543.313 0.0354389
544.124 0.0353864
544.934 0.0353344
545.744 0.0352826
546.553 0.0352312
547.361 0.0351801
548.169 0.0351293
548.976 0.0350788
549.783 0.0350287
550.589 0.0349788
551.395 0.0349292
552.200 0.0348800
553.004 0.0348311
553.808 0.0347824
554.611 0.0347340
555.414 0.0346859
556.216 0.0346381
557.018 0.0345906
557.819 0.0345433
558.619 0.0344964
559.419 0.0344496
560.218 0.0344032
561.017 0.0343569
561.815 0.0343110
562.613 0.0342652
563.410 0.0342197
564.207 0.0341745
565.003 0.0341294
565.799 0.0340846
566.594 0.0340400
567.388 0.0339957
568.182 0.0339515
568.976 0.0339075
569.769 0.0338638
570.562 0.0338202
571.354 0.0337769
572.145 0.0337338
572.936 0.0336908
573.727 0.0336481
574.517 0.0336055
575.307 0.0335631
576.096 0.0335209
576.885 0.0334789
577.673 0.0334371
578.461 0.0333955
579.248 0.0333540
580.035 0.0333128
580.821 0.0332717
581.607 0.0332309
582.392 0.0331902
583.177 0.0331497
583.962 0.0331094
584.746 0.0330693
585.529 0.0330294
586.313 0.0329896
587.095 0.0329501
587.878 0.0329108
588.660 0.0328716
589.441 0.0328327
590.222 0.0327940
591.003 0.0327555
591.783 0.0327172
592.563 0.0326791
593.342 0.0326413
594.121 0.0326036
594.899 0.0325662
595.678 0.0325289
596.455 0.0324919
597.233 0.0324551
598.009 0.0324186
598.786 0.0323822
599.562 0.0323461
600.338 0.0323102
601.113 0.0322745
601.888 0.0322391
602.663 0.0322038
603.437 0.0321688
604.211 0.0321340
604.984 0.0320994
605.757 0.0320651
606.530 0.0320309
607.302 0.0319970
608.074 0.0319632
608.845 0.0319297
609.616 0.0318964
610.387 0.0318632
611.158 0.0318303
611.928 0.0317975
612.697 0.0317650
613.467 0.0317326
614.236 0.0317004
615.004 0.0316683
615.773 0.0316364
616.541 0.0316047
617.308 0.0315732
618.076 0.0315418
618.843 0.0315105
619.609 0.0314794
620.375 0.0314484
621.141 0.0314175
621.907 0.0313868
622.672 0.0313561
623.437 0.0313256
624.202 0.0312952
624.966 0.0312649
625.730 0.0312347
626.493 0.0312046
627.257 0.0311745
628.020 0.0311445
628.782 0.0311147
629.545 0.0310848
630.307 0.0310551
631.068 0.0310254
631.830 0.0309958
632.591 0.0309662
633.352 0.0309367
634.112 0.0309072
634.872 0.0308778
635.632 0.0308485
636.392 0.0308191
637.151 0.0307899
637.910 0.0307607
638.668 0.0307315
639.427 0.0307024
640.185 0.0306733
640.943 0.0306443
641.700 0.0306153
642.457 0.0305864
643.214 0.0305575
643.971 0.0305287
644.727 0.0304999
645.483 0.0304712
646.239 0.0304426
646.994 0.0304140
647.750 0.0303855
648.505 0.0303571
649.259 0.0303288
650.014 0.0303005
650.768 0.0302723
651.521 0.0302442
652.275 0.0302162
653.028 0.0301884
653.781 0.0301606
654.534 0.0301329
655.286 0.0301054
656.039 0.0300779
656.791 0.0300506
657.542 0.0300235
658.294 0.0299965
659.045 0.0299696
659.796 0.0299429
660.546 0.0299163
661.297 0.0298899
662.047 0.0298636
662.796 0.0298376
663.546 0.0298117
664.295 0.0297859
665.044 0.0297604
665.793 0.0297350
666.542 0.0297098
667.290 0.0296848
668.038 0.0296600
668.786 0.0296354
669.533 0.0296110
670.281 0.0295868
671.028 0.0295628
671.774 0.0295390
672.521 0.0295153
673.267 0.0294919
674.013 0.0294687
674.759 0.0294457
675.505 0.0294229
676.250 0.0294003
676.995 0.0293778
677.740 0.0293556
678.484 0.0293336
679.229 0.0293117
679.973 0.0292900
680.717 0.0292685
681.460 0.0292472
682.204 0.0292261
682.947 0.0292051
683.690 0.0291843
684.433 0.0291637
685.175 0.0291432
685.917 0.0291228
686.659 0.0291026
687.401 0.0290825
688.142 0.0290626
688.884 0.0290427
689.625 0.0290230
690.365 0.0290034
691.106 0.0289839
691.846 0.0289645
692.586 0.0289452
693.326 0.0289259
694.066 0.0289067
694.805 0.0288876
695.545 0.0288685
696.284 0.0288495
697.022 0.0288305
697.761 0.0288115
698.499 0.0287926
699.237 0.0287737
699.975 0.0287548
700.713 0.0287359
701.450 0.0287170
702.187 0.0286981
702.924 0.0286792
703.661 0.0286602
704.397 0.0286413
705.133 0.0286223
705.869 0.0286032
706.605 0.0285841
707.341 0.0285650
708.076 0.0285458
708.811 0.0285265
709.546 0.0285072
710.281 0.0284878
711.015 0.0284684
711.749 0.0284489
712.483 0.0284293
713.217 0.0284096
713.950 0.0283899
714.684 0.0283701
715.417 0.0283502
716.150 0.0283302
716.882 0.0283102
717.615 0.0282900
718.347 0.0282698
719.079 0.0282495
719.811 0.0282292
720.542 0.0282088
721.273 0.0281883
722.005 0.0281677
722.735 0.0281471
723.466 0.0281264
724.196 0.0281056
724.927 0.0280848
725.656 0.0280640
726.386 0.0280431
727.116 0.0280221
727.845 0.0280012
728.574 0.0279802
729.303 0.0279592
730.031 0.0279382
730.760 0.0279171
731.488 0.0278961
732.216 0.0278751
732.944 0.0278540
733.671 0.0278330
734.398 0.0278121
735.125 0.0277912
735.852 0.0277703
736.579 0.0277494
737.305 0.0277286
738.031 0.0277079
738.757 0.0276873
739.483 0.0276667
740.208 0.0276462
740.933 0.0276259
741.658 0.0276056
742.383 0.0275854
743.108 0.0275654
743.832 0.0275454
744.556 0.0275257
745.280 0.0275060
746.004 0.0274865
746.727 0.0274672
747.450 0.0274480
748.173 0.0274290
748.896 0.0274102
749.618 0.0273915
750.340 0.0273731
751.062 0.0273548
751.784 0.0273367
752.506 0.0273188
753.227 0.0273012
753.948 0.0272837
754.669 0.0272665
755.389 0.0272495
756.110 0.0272327
756.830 0.0272161
757.550 0.0271998
758.269 0.0271837
758.989 0.0271678
759.708 0.0271521
760.427 0.0271367
761.146 0.0271216
761.864 0.0271066
762.582 0.0270919
763.300 0.0270775
764.018 0.0270632
764.736 0.0270492
765.453 0.0270355
766.170 0.0270220
766.887 0.0270087
767.603 0.0269956
768.320 0.0269827
769.036 0.0269701
769.751 0.0269577
770.467 0.0269455
771.182 0.0269336
771.897 0.0269218
772.612 0.0269102
773.327 0.0268988
774.041 0.0268876
774.755 0.0268766
775.469 0.0268658
776.183 0.0268551
776.896 0.0268446
777.609 0.0268343
778.322 0.0268241
779.035 0.0268140
779.747 0.0268041
780.459 0.0267944
781.171 0.0267847
781.882 0.0267752
782.594 0.0267657
783.305 0.0267564
784.016 0.0267471
784.726 0.0267380
785.436 0.0267289
786.147 0.0267198
786.856 0.0267108
787.566 0.0267019
788.275 0.0266930
788.984 0.0266841
789.693 0.0266753
790.401 0.0266664
791.110 0.0266576
791.818 0.0266487
792.525 0.0266399
793.233 0.0266310
793.940 0.0266221
794.647 0.0266131
795.353 0.0266042
796.060 0.0265951
796.766 0.0265860
797.472 0.0265768
798.177 0.0265675
798.883 0.0265582
799.588 0.0265487
800.292 0.0265392
800.997 0.0265295
801.701 0.0265198
802.405 0.0265099
803.109 0.0264999
803.812 0.0264897
804.515 0.0264795
805.218 0.0264690
805.921 0.0264585
806.623 0.0264478
807.325 0.0264369
808.027 0.0264258
808.728 0.0264147
809.429 0.0264033
810.130 0.0263918
810.831 0.0263801
811.531 0.0263682
812.231 0.0263561
812.931 0.0263439
813.630 0.0263315
814.330 0.0263188
815.029 0.0263061
815.727 0.0262931
816.426 0.0262799
817.124 0.0262666
817.821 0.0262531
818.519 0.0262394
819.216 0.0262255
819.913 0.0262114
820.609 0.0261972
821.306 0.0261827
822.002 0.0261681
822.697 0.0261534
823.393 0.0261384
824.088 0.0261233
824.783 0.0261080
825.477 0.0260926
826.171 0.0260770
826.865 0.0260613
827.559 0.0260454
828.252 0.0260293
828.945 0.0260132
829.638 0.0259969
830.330 0.0259804
831.023 0.0259639
831.714 0.0259472
832.406 0.0259304
833.097 0.0259136
833.788 0.0258966
834.479 0.0258795
835.169 0.0258624
835.859 0.0258452
836.548 0.0258279
837.238 0.0258105
837.927 0.0257931
838.615 0.0257757
839.304 0.0257582
839.992 0.0257407
840.680 0.0257231
841.367 0.0257056
842.054 0.0256880
842.741 0.0256704
843.428 0.0256529
844.114 0.0256353
844.800 0.0256178
845.485 0.0256003
846.170 0.0255829
846.855 0.0255655
847.540 0.0255481
848.224 0.0255309
848.908 0.0255137
849.592 0.0254965
850.275 0.0254795
850.958 0.0254625
851.641 0.0254457
852.323 0.0254290
853.005 0.0254124
853.687 0.0253959
854.368 0.0253795
855.049 0.0253633
855.730 0.0253472
856.410 0.0253313
857.090 0.0253156
857.769 0.0253000
858.449 0.0252846
859.128 0.0252693
859.806 0.0252543
860.485 0.0252394
861.163 0.0252248
861.840 0.0252103
862.518 0.0251961
863.195 0.0251820
863.871 0.0251682
864.548 0.0251546
865.224 0.0251413
865.899 0.0251281
866.574 0.0251153
867.249 0.0251026
867.924 0.0250902
868.598 0.0250780
869.272 0.0250661
869.946 0.0250544
870.619 0.0250430
871.292 0.0250319
871.964 0.0250210
872.636 0.0250104
873.308 0.0250000
873.979 0.0249899
874.651 0.0249801
875.321 0.0249705
875.992 0.0249612
876.662 0.0249522
877.331 0.0249435
878.001 0.0249350
878.670 0.0249267
879.338 0.0249188
880.007 0.0249111
880.675 0.0249037
881.342 0.0248965
882.009 0.0248897
882.676 0.0248830
883.343 0.0248767
884.009 0.0248705
884.675 0.0248647
885.340 0.0248591
886.005 0.0248537
886.670 0.0248486
887.334 0.0248438
887.998 0.0248392
888.662 0.0248348
889.325 0.0248306
889.988 0.0248267
890.650 0.0248230
891.312 0.0248195
891.974 0.0248163
892.636 0.0248132
893.297 0.0248104
893.957 0.0248077
894.618 0.0248053
895.278 0.0248030
895.937 0.0248010
896.596 0.0247991
897.255 0.0247974
897.914 0.0247958
898.572 0.0247944
899.230 0.0247932
899.887 0.0247921
900.544 0.0247912
901.201 0.0247904
901.857 0.0247897
902.513 0.0247892
903.168 0.0247888
903.823 0.0247885
904.478 0.0247883
905.132 0.0247881
905.786 0.0247881
906.440 0.0247882
907.093 0.0247883
907.746 0.0247885
908.399 0.0247888
909.051 0.0247892
909.703 0.0247895
910.354 0.0247900
911.005 0.0247904
911.656 0.0247909
912.306 0.0247914
912.956 0.0247919
913.605 0.0247925
914.254 0.0247930
914.903 0.0247935
915.551 0.0247940
916.199 0.0247945
916.847 0.0247950
917.494 0.0247954
918.141 0.0247958
918.788 0.0247962
919.434 0.0247965
920.079 0.0247967
920.725 0.0247969
921.370 0.0247970
922.014 0.0247970
922.658 0.0247969
923.302 0.0247967
923.946 0.0247965
924.589 0.0247961
925.231 0.0247957
925.873 0.0247951
926.515 0.0247944
927.157 0.0247936
927.798 0.0247926
928.439 0.0247915
929.079 0.0247903
929.719 0.0247889
930.359 0.0247874
930.998 0.0247857
931.637 0.0247839
932.275 0.0247819
932.913 0.0247797
933.551 0.0247774
934.188 0.0247749
934.825 0.0247722
935.462 0.0247694
936.098 0.0247663
936.733 0.0247631
937.369 0.0247596
938.004 0.0247560
938.638 0.0247522
939.273 0.0247482
939.907 0.0247440
940.540 0.0247395
941.173 0.0247349
941.806 0.0247301
942.438 0.0247250
943.070 0.0247197
943.702 0.0247143
944.333 0.0247086
944.964 0.0247027
945.594 0.0246965
946.224 0.0246902
946.854 0.0246836
947.483 0.0246768
948.112 0.0246698
948.741 0.0246626
949.369 0.0246552
949.996 0.0246475
950.624 0.0246396
951.251 0.0246315
951.878 0.0246232
952.504 0.0246146
953.130 0.0246059
953.755 0.0245969
954.380 0.0245877
955.005 0.0245783
955.629 0.0245687
956.253 0.0245589
956.877 0.0245488
957.500 0.0245386
958.123 0.0245281
958.746 0.0245174
959.368 0.0245066
959.990 0.0244955
960.611 0.0244862
961.232 0.0244768
961.853 0.0244671
962.473 0.0244573
963.093 0.0244473
963.712 0.0244371
964.331 0.0244267
964.950 0.0244161
965.569 0.0244053
966.187 0.0243943
966.804 0.0243832
967.422 0.0243719
968.039 0.0243604
968.655 0.0243488
969.272 0.0243370
969.887 0.0243251
970.503 0.0243130
971.118 0.0243008
971.733 0.0242884
972.347 0.0242759
972.961 0.0242633
973.575 0.0242505
974.188 0.0242376
974.801 0.0242245
975.414 0.0242114
976.026 0.0241981
976.638 0.0241848
977.250 0.0241713
977.861 0.0241577
978.472 0.0241441
979.083 0.0241303
979.693 0.0241165
980.303 0.0241026
980.912 0.0240886
981.521 0.0240746
982.130 0.0240605
982.738 0.0240463
983.346 0.0240321
983.954 0.0240178
984.562 0.0240034
985.169 0.0239891
985.775 0.0239747
986.382 0.0239603
986.988 0.0239458
987.594 0.0239314
988.199 0.0239169
988.804 0.0239024
989.409 0.0238879
990.013 0.0238734
990.617 0.0238589
991.221 0.0238444
991.824 0.0238300
992.427 0.0238156
993.030 0.0238011
993.632 0.0237868
994.234 0.0237724
994.836 0.0237581
995.438 0.0237438
996.039 0.0237296
996.640 0.0237155
997.240 0.0237014
997.840 0.0236874
998.440 0.0236734
999.040 0.0236595
999.639 0.0236457
1000.238 0.0236313
1000.836 0.0236159
1001.435 0.0236006
1002.033 0.0235854
1002.630 0.0235703
1003.228 0.0235554
1003.825 0.0235405
1004.422 0.0235257
1005.018 0.0235111
1005.614 0.0234967
1006.210 0.0234823
1006.806 0.0234681
1007.401 0.0234540
1007.996 0.0234400
1008.591 0.0234262
1009.186 0.0234126
1009.780 0.0233991
1010.374 0.0233857
1010.967 0.0233726
1011.561 0.0233595
1012.154 0.0233467
1012.746 0.0233340
1013.339 0.0233215
1013.931 0.0233092
1014.523 0.0232970
1015.115 0.0232850
1015.706 0.0232733
1016.298 0.0232616
1016.888 0.0232503
1017.479 0.0232390
1018.069 0.0232280
1018.660 0.0232172
1019.250 0.0232065
1019.839 0.0231961
1020.429 0.0231859
1021.018 0.0231759
1021.607 0.0231661
1022.195 0.0231565
1022.784 0.0231471
1023.372 0.0231379
1023.960 0.0231289
1024.547 0.0231202
1025.135 0.0231117
1025.722 0.0231034
1026.309 0.0230953
1026.896 0.0230874
1027.483 0.0230797
1028.069 0.0230723
1028.655 0.0230651
1029.241 0.0230581
1029.827 0.0230514
1030.412 0.0230449
1030.997 0.0230386
1031.582 0.0230325
1032.167 0.0230267
1032.752 0.0230210
1033.336 0.0230156
1033.921 0.0230105
1034.505 0.0230055
1035.089 0.0230008
1035.672 0.0229964
1036.256 0.0229921
1036.839 0.0229881
1037.422 0.0229843
1038.005 0.0229807
1038.588 0.0229774
1039.171 0.0229743
1039.753 0.0229714
1040.335 0.0229687
1040.918 0.0229662
1041.500 0.0229640
1042.081 0.0229620
1042.663 0.0229602
1043.244 0.0229587
1043.826 0.0229573
1044.407 0.0229562
1044.988 0.0229553
1045.569 0.0229545
1046.150 0.0229541
1046.730 0.0229538
1047.311 0.0229537
1047.891 0.0229538
1048.471 0.0229542
1049.052 0.0229547
1049.632 0.0229555
1050.211 0.0229564
1050.791 0.0229575
1051.371 0.0229589
1051.950 0.0229604
1052.530 0.0229621
1053.109 0.0229640
1053.688 0.0229661
1054.268 0.0229684
1054.847 0.0229709
1055.426 0.0229735
1056.005 0.0229763
1056.583 0.0229793
1057.162 0.0229825
1057.741 0.0229858
1058.319 0.0229893
1058.898 0.0229930
1059.476 0.0229968
1060.055 0.0230008
1060.633 0.0230049
1061.211 0.0230092
1061.790 0.0230136
1062.368 0.0230182
1062.946 0.0230229
1063.524 0.0230278
1064.102 0.0230328
1064.680 0.0230379
1065.258 0.0230431
1065.836 0.0230485
1066.414 0.0230540
1066.992 0.0230597
1067.570 0.0230654
1068.148 0.0230713
1068.726 0.0230772
1069.304 0.0230833
1069.882 0.0230895
1070.460 0.0230958
1071.038 0.0231021
1071.616 0.0231086
1072.194 0.0231152
1072.772 0.0231218
1073.350 0.0231285
1073.928 0.0231353
1074.506 0.0231422
1075.084 0.0231491
1075.662 0.0231561
1076.240 0.0231632
1076.819 0.0231703
1077.397 0.0231775
1077.976 0.0231848
1078.554 0.0231921
1079.133 0.0231994
1079.711 0.0232068
1080.290 0.0232142
1080.869 0.0232216
1081.448 0.0232291
1082.027 0.0232366
1082.606 0.0232441
1083.185 0.0232517
1083.764 0.0232592
1084.343 0.0232668
1084.923 0.0232743
1085.502 0.0232819
1086.082 0.0232895
1086.662 0.0232971
1087.242 0.0233046
1087.822 0.0233122
1088.402 0.0233197
1088.983 0.0233272
1089.563 0.0233347
1090.144 0.0233422
1090.725 0.0233496
1091.306 0.0233570
1091.887 0.0233643
1092.469 0.0233717
1093.050 0.0233789
1093.632 0.0233861
1094.214 0.0233933
1094.796 0.0234004
1095.379 0.0234075
1095.961 0.0234145
1096.544 0.0234214
1097.127 0.0234282
1097.710 0.0234350
1098.294 0.0234417
1098.877 0.0234483
1099.461 0.0234548
1100.046 0.0234613
1100.630 0.0234676
1101.215 0.0234739
1101.800 0.0234800
1102.385 0.0234861
1102.970 0.0234920
1103.556 0.0234979
1104.142 0.0235036
1104.728 0.0235092
1105.315 0.0235147
1105.902 0.0235201
1106.489 0.0235253
1107.077 0.0235304
1107.664 0.0235354
1108.253 0.0235403
1108.841 0.0235450
1109.430 0.0235495
1110.019 0.0235540
1110.609 0.0235582
1111.198 0.0235624
1111.789 0.0235663
1112.379 0.0235702
1112.970 0.0235738
1113.561 0.0235773
1114.153 0.0235807
1114.745 0.0235838
1115.338 0.0235869
1115.931 0.0235897
1116.524 0.0235924
1117.117 0.0235948
1117.712 0.0235971
1118.306 0.0235993
1118.901 0.0236012
1119.496 0.0236030
1120.092 0.0236045
1120.689 0.0236059
1121.285 0.0236071
1121.882 0.0236081
1122.480 0.0236088
1123.078 0.0236094
1123.677 0.0236098
1124.276 0.0236100
1124.875 0.0236100
1125.476 0.0236098
1126.076 0.0236093
1126.677 0.0236087
1127.279 0.0236078
1127.881 0.0236067
1128.484 0.0236054
1129.087 0.0236039
1129.691 0.0236022
1130.295 0.0236002
1130.900 0.0235981
1131.505 0.0235957
1132.111 0.0235931
1132.718 0.0235902
1133.325 0.0235871
1133.933 0.0235838
1134.541 0.0235803
1135.150 0.0235765
1135.760 0.0235725
1136.370 0.0235683
1136.981 0.0235638
1137.592 0.0235591
1138.204 0.0235542
1138.817 0.0235490
1139.431 0.0235436
1140.045 0.0235380
1140.660 0.0235321
1141.275 0.0235260
1141.891 0.0235196
1142.508 0.0235130
1143.126 0.0235062
1143.744 0.0234991
1144.363 0.0234918
1144.983 0.0234842
