432.689 0.0455291
433.621 0.0453920
434.552 0.0452562
435.482 0.0451218
436.410 0.0449888
437.337 0.0448571
438.262 0.0447268
439.187 0.0445975
440.110 0.0444697
441.031 0.0443432
441.952 0.0442177
442.871 0.0440936
443.789 0.0439706
444.705 0.0438489
445.621 0.0437282
446.535 0.0436087
447.447 0.0434905
448.359 0.0433732
449.269 0.0432571
450.178 0.0431420
451.086 0.0430280
451.993 0.0429150
452.898 0.0428032
453.803 0.0426922
454.706 0.0425823
455.608 0.0424734
456.508 0.0423656
457.408 0.0422586
458.306 0.0421526
459.204 0.0420475
460.100 0.0419434
460.995 0.0418402
461.888 0.0417380
462.781 0.0416365
463.673 0.0415360
464.563 0.0414364
465.452 0.0413376
466.340 0.0412397
467.228 0.0411425
468.114 0.0410463
468.999 0.0409508
469.882 0.0408563
470.765 0.0407624
471.647 0.0406693
472.528 0.0405770
473.407 0.0404856
474.286 0.0403948
475.163 0.0403048
476.040 0.0402155
476.915 0.0401270
477.790 0.0400391
478.663 0.0399520
479.535 0.0398657
480.407 0.0397799
481.277 0.0396948
482.147 0.0396104
483.015 0.0395267
483.883 0.0394436
484.749 0.0393612
485.615 0.0392793
486.479 0.0391982
487.343 0.0391176
488.206 0.0390377
489.067 0.0389584
489.928 0.0388797
490.788 0.0388015
491.647 0.0387240
492.505 0.0386470
493.362 0.0385706
494.218 0.0384948
495.073 0.0384196
495.928 0.0383449
496.781 0.0382708
497.634 0.0381972
498.486 0.0381241
499.337 0.0380516
500.187 0.0379797
501.036 0.0379083
501.884 0.0378374
502.731 0.0377670
503.578 0.0376971
504.424 0.0376278
505.268 0.0375590
506.113 0.0374906
506.956 0.0374227
507.798 0.0373554
508.640 0.0372885
509.480 0.0372221
510.320 0.0371561
511.160 0.0370906
511.998 0.0370255
512.836 0.0369609
513.672 0.0368968
514.508 0.0368331
515.344 0.0367697
516.178 0.0367069
517.012 0.0366444
517.845 0.0365823
518.677 0.0365207
519.508 0.0364594
520.339 0.0363985
521.169 0.0363380
521.998 0.0362779
522.826 0.0362182
523.654 0.0361589
524.481 0.0360999
525.307 0.0360413
526.133 0.0359830
526.958 0.0359251
527.782 0.0358675
528.605 0.0358104
529.428 0.0357535
530.250 0.0356970
531.072 0.0356409
531.892 0.0355851
532.712 0.0355297
533.532 0.0354746
534.350 0.0354199
535.168 0.0353655
535.986 0.0353114
536.802 0.0352577
537.618 0.0352044
538.434 0.0351514
539.249 0.0350987
540.063 0.0350464
540.876 0.0349944
541.689 0.0349428
542.501 0.0348915
543.313 0.0348405
544.124 0.0347898
544.934 0.0347396
545.744 0.0346896
546.553 0.0346399
547.361 0.0345906
548.169 0.0345416
548.976 0.0344929
549.783 0.0344444
550.589 0.0343963
551.395 0.0343485
552.200 0.0343010
553.004 0.0342537
553.808 0.0342067
554.611 0.0341601
555.414 0.0341136
556.216 0.0340674
557.018 0.0340215
557.819 0.0339758
558.619 0.0339304
559.419 0.0338851
560.218 0.0338402
561.017 0.0337954
561.815 0.0337509
562.613 0.0337065
563.410 0.0336624
564.207 0.0336185
565.003 0.0335748
565.799 0.0335312
566.594 0.0334879
567.388 0.0334448
568.182 0.0334019
568.976 0.0333591
569.769 0.0333165
570.562 0.0332741
571.354 0.0332320
572.145 0.0331900
572.936 0.0331482
573.727 0.0331066
574.517 0.0330652
575.307 0.0330240
576.096 0.0329830
576.885 0.0329422
577.673 0.0329016
578.461 0.0328613
579.248 0.0328211
580.035 0.0327812
580.821 0.0327415
581.607 0.0327020
582.392 0.0326627
583.177 0.0326237
583.962 0.0325849
584.746 0.0325463
585.529 0.0325081
586.313 0.0324699
587.095 0.0324322
587.878 0.0323945
588.660 0.0323572
589.441 0.0323201
590.222 0.0322833
591.003 0.0322466
591.783 0.0322103
592.563 0.0321741
593.342 0.0321383
594.121 0.0321026
594.899 0.0320672
595.678 0.0320320
596.455 0.0319971
597.233 0.0319623
598.009 0.0319278
598.786 0.0318935
599.562 0.0318593
600.338 0.0318254
601.113 0.0317917
601.888 0.0317581
602.663 0.0317247
603.437 0.0316915
604.211 0.0316584
604.984 0.0316255
605.757 0.0315927
606.530 0.0315600
607.302 0.0315275
608.074 0.0314951
608.845 0.0314628
609.616 0.0314307
610.387 0.0313985
611.158 0.0313665
611.928 0.0313346
612.697 0.0313028
613.467 0.0312710
614.236 0.0312393
615.004 0.0312077
615.773 0.0311761
616.541 0.0311446
617.308 0.0311132
618.076 0.0310817
618.843 0.0310504
619.609 0.0310191
620.375 0.0309879
621.141 0.0309567
621.907 0.0309256
622.672 0.0308945
623.437 0.0308635
624.202 0.0308326
624.966 0.0308017
625.730 0.0307710
626.493 0.0307403
627.257 0.0307096
628.020 0.0306791
628.782 0.0306487
629.545 0.0306184
630.307 0.0305882
631.068 0.0305581
631.830 0.0305282
632.591 0.0304983
633.352 0.0304687
634.112 0.0304392
634.872 0.0304098
635.632 0.0303806
636.392 0.0303516
637.151 0.0303227
637.910 0.0302941
638.668 0.0302656
639.427 0.0302373
640.185 0.0302093
640.943 0.0301814
641.700 0.0301538
642.457 0.0301263
643.214 0.0300991
643.971 0.0300721
644.727 0.0300454
645.483 0.0300189
646.239 0.0299926
646.994 0.0299665
647.750 0.0299406
648.505 0.0299150
649.259 0.0298897
650.014 0.0298645
650.768 0.0298395
651.521 0.0298148
652.275 0.0297903
653.028 0.0297660
653.781 0.0297418
654.534 0.0297179
655.286 0.0296942
656.039 0.0296706
656.791 0.0296472
657.542 0.0296240
658.294 0.0296008
659.045 0.0295779
659.796 0.0295551
660.546 0.0295324
661.297 0.0295098
662.047 0.0294873
662.796 0.0294649
663.546 0.0294426
664.295 0.0294203
665.044 0.0293981
665.793 0.0293760
666.542 0.0293538
667.290 0.0293317
668.038 0.0293097
668.786 0.0292876
669.533 0.0292655
670.281 0.0292434
671.028 0.0292213
671.774 0.0291992
672.521 0.0291770
673.267 0.0291548
674.013 0.0291325
674.759 0.0291102
675.505 0.0290878
676.250 0.0290654
676.995 0.0290429
677.740 0.0290203
678.484 0.0289977
679.229 0.0289749
679.973 0.0289521
680.717 0.0289293
681.460 0.0289063
682.204 0.0288833
682.947 0.0288602
683.690 0.0288371
684.433 0.0288139
685.175 0.0287906
685.917 0.0287673
686.659 0.0287440
687.401 0.0287206
688.142 0.0286972
688.884 0.0286737
689.625 0.0286503
690.365 0.0286268
691.106 0.0286034
691.846 0.0285799
692.586 0.0285565
693.326 0.0285332
694.066 0.0285098
694.805 0.0284866
695.545 0.0284634
696.284 0.0284402
697.022 0.0284172
697.761 0.0283943
698.499 0.0283715
699.237 0.0283488
699.975 0.0283263
700.713 0.0283039
701.450 0.0282817
702.187 0.0282596
702.924 0.0282377
703.661 0.0282160
704.397 0.0281945
705.133 0.0281733
705.869 0.0281522
706.605 0.0281314
707.341 0.0281107
708.076 0.0280904
708.811 0.0280703
709.546 0.0280504
710.281 0.0280308
711.015 0.0280114
711.749 0.0279923
712.483 0.0279735
713.217 0.0279549
713.950 0.0279367
714.684 0.0279186
715.417 0.0279009
716.150 0.0278834
716.882 0.0278662
717.615 0.0278492
718.347 0.0278325
719.079 0.0278161
719.811 0.0277999
720.542 0.0277840
721.273 0.0277683
722.005 0.0277528
722.735 0.0277375
723.466 0.0277225
724.196 0.0277077
724.927 0.0276930
725.656 0.0276786
726.386 0.0276643
727.116 0.0276502
727.845 0.0276362
728.574 0.0276224
729.303 0.0276087
730.031 0.0275952
730.760 0.0275817
731.488 0.0275683
732.216 0.0275550
732.944 0.0275418
733.671 0.0275286
734.398 0.0275154
735.125 0.0275023
735.852 0.0274892
736.579 0.0274760
737.305 0.0274629
738.031 0.0274497
738.757 0.0274365
739.483 0.0274232
740.208 0.0274099
740.933 0.0273965
741.658 0.0273830
742.383 0.0273694
743.108 0.0273556
743.832 0.0273418
744.556 0.0273278
745.280 0.0273137
746.004 0.0272994
746.727 0.0272850
747.450 0.0272704
748.173 0.0272556
748.896 0.0272407
749.618 0.0272256
750.340 0.0272103
751.062 0.0271947
751.784 0.0271790
752.506 0.0271631
753.227 0.0271470
753.948 0.0271307
754.669 0.0271142
755.389 0.0270976
756.110 0.0270806
756.830 0.0270636
757.550 0.0270463
758.269 0.0270288
758.989 0.0270111
759.708 0.0269933
760.427 0.0269753
761.146 0.0269571
761.864 0.0269388
762.582 0.0269203
763.300 0.0269017
764.018 0.0268829
764.736 0.0268640
765.453 0.0268450
766.170 0.0268259
766.887 0.0268066
767.603 0.0267874
768.320 0.0267680
769.036 0.0267485
769.751 0.0267291
770.467 0.0267096
771.182 0.0266900
771.897 0.0266705
772.612 0.0266510
773.327 0.0266314
774.041 0.0266119
774.755 0.0265925
775.469 0.0265731
776.183 0.0265538
776.896 0.0265346
777.609 0.0265155
778.322 0.0264965
779.035 0.0264776
779.747 0.0264589
780.459 0.0264403
781.171 0.0264219
781.882 0.0264036
782.594 0.0263856
783.305 0.0263678
784.016 0.0263501
784.726 0.0263328
785.436 0.0263156
786.147 0.0262987
786.856 0.0262821
787.566 0.0262657
788.275 0.0262496
788.984 0.0262337
789.693 0.0262182
790.401 0.0262030
791.110 0.0261880
791.818 0.0261734
792.525 0.0261592
793.233 0.0261452
793.940 0.0261315
794.647 0.0261182
795.353 0.0261052
796.060 0.0260925
796.766 0.0260802
797.472 0.0260682
798.177 0.0260566
798.883 0.0260453
799.588 0.0260343
800.292 0.0260236
800.997 0.0260133
801.701 0.0260033
802.405 0.0259936
803.109 0.0259842
803.812 0.0259752
804.515 0.0259664
805.218 0.0259580
805.921 0.0259498
806.623 0.0259419
807.325 0.0259343
808.027 0.0259270
808.728 0.0259199
809.429 0.0259131
810.130 0.0259065
810.831 0.0259001
811.531 0.0258940
812.231 0.0258880
812.931 0.0258822
813.630 0.0258767
814.330 0.0258713
815.029 0.0258660
815.727 0.0258609
816.426 0.0258559
817.124 0.0258510
817.821 0.0258463
818.519 0.0258416
819.216 0.0258370
819.913 0.0258324
820.609 0.0258280
821.306 0.0258235
822.002 0.0258190
822.697 0.0258146
823.393 0.0258101
824.088 0.0258057
824.783 0.0258012
825.477 0.0257966
826.171 0.0257920
826.865 0.0257873
827.559 0.0257825
828.252 0.0257776
828.945 0.0257725
829.638 0.0257674
830.330 0.0257621
831.023 0.0257567
831.714 0.0257511
832.406 0.0257453
833.097 0.0257393
833.788 0.0257331
834.479 0.0257268
835.169 0.0257202
835.859 0.0257134
836.548 0.0257063
837.238 0.0256990
837.927 0.0256915
838.615 0.0256837
839.304 0.0256757
839.992 0.0256673
840.680 0.0256588
841.367 0.0256499
842.054 0.0256407
842.741 0.0256313
843.428 0.0256216
844.114 0.0256115
844.800 0.0256012
845.485 0.0255906
846.170 0.0255797
846.855 0.0255685
847.540 0.0255570
848.224 0.0255452
848.908 0.0255331
849.592 0.0255207
850.275 0.0255080
850.958 0.0254950
851.641 0.0254817
852.323 0.0254682
853.005 0.0254544
853.687 0.0254403
854.368 0.0254259
855.049 0.0254113
855.730 0.0253964
856.410 0.0253813
857.090 0.0253659
857.769 0.0253503
858.449 0.0253345
859.128 0.0253185
859.806 0.0253022
860.485 0.0252857
861.163 0.0252691
861.840 0.0252523
862.518 0.0252353
863.195 0.0252181
863.871 0.0252008
864.548 0.0251834
865.224 0.0251658
865.899 0.0251482
866.574 0.0251304
867.249 0.0251125
867.924 0.0250946
868.598 0.0250765
869.272 0.0250585
869.946 0.0250403
870.619 0.0250222
871.292 0.0250040
871.964 0.0249859
872.636 0.0249677
873.308 0.0249496
873.979 0.0249315
874.651 0.0249134
875.321 0.0248955
875.992 0.0248775
876.662 0.0248597
877.331 0.0248420
878.001 0.0248243
878.670 0.0248068
879.338 0.0247894
880.007 0.0247722
880.675 0.0247551
881.342 0.0247382
882.009 0.0247215
882.676 0.0247049
883.343 0.0246886
884.009 0.0246725
884.675 0.0246566
885.340 0.0246409
886.005 0.0246255
886.670 0.0246103
887.334 0.0245954
887.998 0.0245807
888.662 0.0245663
889.325 0.0245522
889.988 0.0245384
890.650 0.0245250
891.312 0.0245118
891.974 0.0244989
892.636 0.0244863
893.297 0.0244741
893.957 0.0244622
894.618 0.0244506
895.278 0.0244394
895.937 0.0244285
896.596 0.0244180
897.255 0.0244078
897.914 0.0243980
898.572 0.0243886
899.230 0.0243795
899.887 0.0243707
900.544 0.0243623
901.201 0.0243543
901.857 0.0243467
902.513 0.0243394
903.168 0.0243325
903.823 0.0243259
904.478 0.0243197
905.132 0.0243139
905.786 0.0243084
906.440 0.0243033
907.093 0.0242985
907.746 0.0242941
908.399 0.0242900
909.051 0.0242863
909.703 0.0242829
910.354 0.0242799
911.005 0.0242771
911.656 0.0242747
912.306 0.0242727
912.956 0.0242709
913.605 0.0242694
914.254 0.0242682
914.903 0.0242674
915.551 0.0242668
916.199 0.0242664
916.847 0.0242664
917.494 0.0242666
918.141 0.0242671
918.788 0.0242678
919.434 0.0242687
920.079 0.0242699
920.725 0.0242713
921.370 0.0242729
922.014 0.0242747
922.658 0.0242767
923.302 0.0242789
923.946 0.0242812
924.589 0.0242837
925.231 0.0242864
925.873 0.0242892
926.515 0.0242921
927.157 0.0242951
927.798 0.0242983
928.439 0.0243015
929.079 0.0243049
929.719 0.0243083
930.359 0.0243118
930.998 0.0243153
931.637 0.0243189
932.275 0.0243225
932.913 0.0243261
933.551 0.0243297
934.188 0.0243334
934.825 0.0243370
935.462 0.0243406
936.098 0.0243442
936.733 0.0243477
937.369 0.0243512
938.004 0.0243546
938.638 0.0243580
939.273 0.0243612
939.907 0.0243644
940.540 0.0243675
941.173 0.0243705
941.806 0.0243733
942.438 0.0243760
943.070 0.0243786
943.702 0.0243810
944.333 0.0243833
944.964 0.0243854
945.594 0.0243873
946.224 0.0243891
946.854 0.0243906
947.483 0.0243920
948.112 0.0243931
948.741 0.0243941
949.369 0.0243948
949.996 0.0243953
950.624 0.0243955
951.251 0.0243956
951.878 0.0243953
952.504 0.0243948
953.130 0.0243941
953.755 0.0243931
954.380 0.0243918
955.005 0.0243903
955.629 0.0243885
956.253 0.0243864
956.877 0.0243840
957.500 0.0243813
958.123 0.0243784
958.746 0.0243751
959.368 0.0243715
959.990 0.0243677
960.611 0.0243654
961.232 0.0243628
961.853 0.0243599
962.473 0.0243567
963.093 0.0243532
963.712 0.0243494
964.331 0.0243452
964.950 0.0243408
965.569 0.0243360
966.187 0.0243309
966.804 0.0243255
967.422 0.0243197
968.039 0.0243137
968.655 0.0243073
969.272 0.0243006
969.887 0.0242936
970.503 0.0242863
971.118 0.0242787
971.733 0.0242708
972.347 0.0242626
972.961 0.0242541
973.575 0.0242452
974.188 0.0242361
974.801 0.0242267
975.414 0.0242170
976.026 0.0242071
976.638 0.0241968
977.250 0.0241863
977.861 0.0241755
978.472 0.0241644
979.083 0.0241531
979.693 0.0241415
980.303 0.0241297
980.912 0.0241176
981.521 0.0241053
982.130 0.0240927
982.738 0.0240799
983.346 0.0240669
983.954 0.0240537
984.562 0.0240403
985.169 0.0240266
985.775 0.0240128
986.382 0.0239988
986.988 0.0239846
987.594 0.0239702
988.199 0.0239557
988.804 0.0239410
989.409 0.0239261
990.013 0.0239111
990.617 0.0238960
991.221 0.0238807
991.824 0.0238653
992.427 0.0238498
993.030 0.0238342
993.632 0.0238185
994.234 0.0238026
994.836 0.0237867
995.438 0.0237707
996.039 0.0237547
996.640 0.0237386
997.240 0.0237224
997.840 0.0237062
998.440 0.0236900
999.040 0.0236737
999.639 0.0236574
1000.238 0.0236404
1000.836 0.0236224
1001.435 0.0236044
1002.033 0.0235864
1002.630 0.0235685
1003.228 0.0235505
1003.825 0.0235326
1004.422 0.0235148
1005.018 0.0234970
1005.614 0.0234793
1006.210 0.0234616
1006.806 0.0234440
1007.401 0.0234265
1007.996 0.0234092
1008.591 0.0233919
1009.186 0.0233747
1009.780 0.0233576
1010.374 0.0233406
1010.967 0.0233239
1011.561 0.0233072
1012.154 0.0232906
1012.746 0.0232743
1013.339 0.0232580
1013.931 0.0232420
1014.523 0.0232261
1015.115 0.0232104
1015.706 0.0231949
1016.298 0.0231795
1016.888 0.0231644
1017.479 0.0231495
1018.069 0.0231348
1018.660 0.0231202
1019.250 0.0231059
1019.839 0.0230919
1020.429 0.0230780
1021.018 0.0230644
1021.607 0.0230511
1022.195 0.0230380
1022.784 0.0230251
1023.372 0.0230125
1023.960 0.0230001
1024.547 0.0229880
1025.135 0.0229762
1025.722 0.0229647
1026.309 0.0229534
1026.896 0.0229424
1027.483 0.0229316
1028.069 0.0229212
1028.655 0.0229110
1029.241 0.0229012
1029.827 0.0228916
1030.412 0.0228823
1030.997 0.0228733
1031.582 0.0228647
1032.167 0.0228563
1032.752 0.0228482
1033.336 0.0228404
1033.921 0.0228330
1034.505 0.0228258
1035.089 0.0228190
1035.672 0.0228125
1036.256 0.0228062
1036.839 0.0228003
1037.422 0.0227947
1038.005 0.0227895
1038.588 0.0227845
1039.171 0.0227798
1039.753 0.0227755
1040.335 0.0227715
1040.918 0.0227678
1041.500 0.0227644
1042.081 0.0227613
1042.663 0.0227585
1043.244 0.0227561
1043.826 0.0227539
1044.407 0.0227521
1044.988 0.0227505
1045.569 0.0227493
1046.150 0.0227484
1046.730 0.0227477
1047.311 0.0227474
1047.891 0.0227474
1048.471 0.0227477
1049.052 0.0227482
1049.632 0.0227491
1050.211 0.0227502
1050.791 0.0227516
1051.371 0.0227533
1051.950 0.0227553
1052.530 0.0227576
1053.109 0.0227601
1053.688 0.0227629
1054.268 0.0227659
1054.847 0.0227693
1055.426 0.0227728
1056.005 0.0227767
1056.583 0.0227807
1057.162 0.0227851
1057.741 0.0227896
1058.319 0.0227944
1058.898 0.0227995
1059.476 0.0228047
1060.055 0.0228102
1060.633 0.0228159
1061.211 0.0228219
1061.790 0.0228280
1062.368 0.0228343
1062.946 0.0228409
1063.524 0.0228476
1064.102 0.0228545
1064.680 0.0228616
1065.258 0.0228688
1065.836 0.0228763
1066.414 0.0228839
1066.992 0.0228917
1067.570 0.0228996
1068.148 0.0229077
1068.726 0.0229159
1069.304 0.0229242
1069.882 0.0229327
1070.460 0.0229413
1071.038 0.0229501
1071.616 0.0229589
1072.194 0.0229679
1072.772 0.0229769
1073.350 0.0229861
1073.928 0.0229953
1074.506 0.0230046
1075.084 0.0230140
1075.662 0.0230235
1076.240 0.0230330
1076.819 0.0230426
1077.397 0.0230523
1077.976 0.0230620
1078.554 0.0230717
1079.133 0.0230815
1079.711 0.0230913
1080.290 0.0231011
1080.869 0.0231109
1081.448 0.0231207
1082.027 0.0231306
1082.606 0.0231404
1083.185 0.0231502
1083.764 0.0231600
1084.343 0.0231698
1084.923 0.0231795
1085.502 0.0231892
1086.082 0.0231989
1086.662 0.0232085
1087.242 0.0232181
1087.822 0.0232276
1088.402 0.0232370
1088.983 0.0232464
1089.563 0.0232556
1090.144 0.0232648
1090.725 0.0232739
1091.306 0.0232829
1091.887 0.0232918
1092.469 0.0233006
1093.050 0.0233093
1093.632 0.0233178
1094.214 0.0233263
1094.796 0.0233345
1095.379 0.0233427
1095.961 0.0233507
1096.544 0.0233586
1097.127 0.0233663
1097.710 0.0233738
1098.294 0.0233812
1098.877 0.0233884
1099.461 0.0233954
1100.046 0.0234023
1100.630 0.0234089
1101.215 0.0234154
1101.800 0.0234217
1102.385 0.0234277
1102.970 0.0234336
1103.556 0.0234393
1104.142 0.0234447
1104.728 0.0234499
1105.315 0.0234549
1105.902 0.0234597
1106.489 0.0234642
1107.077 0.0234685
1107.664 0.0234725
1108.253 0.0234763
1108.841 0.0234799
1109.430 0.0234832
1110.019 0.0234862
1110.609 0.0234890
1111.198 0.0234915
1111.789 0.0234938
1112.379 0.0234958
1112.970 0.0234975
1113.561 0.0234989
1114.153 0.0235001
1114.745 0.0235009
1115.338 0.0235015
1115.931 0.0235018
1116.524 0.0235018
1117.117 0.0235015
1117.712 0.0235009
1118.306 0.0235000
1118.901 0.0234988
1119.496 0.0234973
1120.092 0.0234955
1120.689 0.0234934
1121.285 0.0234910
1121.882 0.0234882
1122.480 0.0234852
1123.078 0.0234818
1123.677 0.0234781
1124.276 0.0234741
1124.875 0.0234698
1125.476 0.0234652
1126.076 0.0234603
1126.677 0.0234550
1127.279 0.0234494
1127.881 0.0234435
1128.484 0.0234372
1129.087 0.0234307
1129.691 0.0234238
1130.295 0.0234166
1130.900 0.0234091
1131.505 0.0234013
1132.111 0.0233931
1132.718 0.0233846
1133.325 0.0233758
1133.933 0.0233667
1134.541 0.0233573
1135.150 0.0233475
1135.760 0.0233374
1136.370 0.0233270
1136.981 0.0233163
1137.592 0.0233053
1138.204 0.0232940
1138.817 0.0232823
1139.431 0.0232704
1140.045 0.0232581
1140.660 0.0232456
1141.275 0.0232327
1141.891 0.0232196
1142.508 0.0232061
1143.126 0.0231923
1143.744 0.0231783
1144.363 0.0231640
1144.983 0.0231494
