432.689 0.0457799
433.621 0.0456418
434.552 0.0455050
435.482 0.0453695
436.410 0.0452355
437.337 0.0451028
438.262 0.0449715
439.187 0.0448412
440.110 0.0447124
441.031 0.0445849
441.952 0.0444585
442.871 0.0443334
443.789 0.0442094
444.705 0.0440868
445.621 0.0439651
446.535 0.0438447
447.447 0.0437255
448.359 0.0436073
449.269 0.0434903
450.178 0.0433743
451.086 0.0432594
451.993 0.0431455
452.898 0.0430327
453.803 0.0429208
454.706 0.0428101
455.608 0.0427003
456.508 0.0425916
457.408 0.0424837
458.306 0.0423769
459.204 0.0422709
460.100 0.0421660
460.995 0.0420619
461.888 0.0419589
462.781 0.0418566
463.673 0.0417552
464.563 0.0416548
465.452 0.0415553
466.340 0.0414566
467.228 0.0413586
468.114 0.0412616
468.999 0.0411653
469.882 0.0410700
470.765 0.0409754
471.647 0.0408815
472.528 0.0407884
473.407 0.0406962
474.286 0.0406047
475.163 0.0405139
476.040 0.0404238
476.915 0.0403346
477.790 0.0402459
478.663 0.0401580
479.535 0.0400709
480.407 0.0399843
481.277 0.0398985
482.147 0.0398133
483.015 0.0397289
483.883 0.0396450
484.749 0.0395618
485.615 0.0394793
486.479 0.0393974
487.343 0.0393161
488.206 0.0392355
489.067 0.0391555
489.928 0.0390761
490.788 0.0389973
491.647 0.0389192
492.505 0.0388416
493.362 0.0387646
494.218 0.0386882
495.073 0.0386124
495.928 0.0385371
496.781 0.0384625
497.634 0.0383883
498.486 0.0383147
499.337 0.0382417
500.187 0.0381692
501.036 0.0380973
501.884 0.0380258
502.731 0.0379549
503.578 0.0378845
504.424 0.0378145
505.268 0.0377451
506.113 0.0376761
506.956 0.0376076
507.798 0.0375396
508.640 0.0374720
509.480 0.0374050
510.320 0.0373383
511.160 0.0372720
511.998 0.0372063
512.836 0.0371409
513.672 0.0370761
514.508 0.0370116
515.344 0.0369474
516.178 0.0368838
517.012 0.0368206
517.845 0.0367578
518.677 0.0366954
519.508 0.0366335
520.339 0.0365719
521.169 0.0365107
521.998 0.0364500
522.826 0.0363897
523.654 0.0363297
524.481 0.0362702
525.307 0.0362111
526.133 0.0361524
526.958 0.0360941
527.782 0.0360362
528.605 0.0359787
529.428 0.0359215
530.250 0.0358648
531.072 0.0358084
531.892 0.0357525
532.712 0.0356969
533.532 0.0356416
534.350 0.0355868
535.168 0.0355322
535.986 0.0354780
536.802 0.0354242
537.618 0.0353707
538.434 0.0353175
539.249 0.0352646
540.063 0.0352121
540.876 0.0351599
541.689 0.0351079
542.501 0.0350563
543.313 0.0350049
544.124 0.0349537
544.934 0.0349029
545.744 0.0348524
546.553 0.0348021
547.361 0.0347521
548.169 0.0347023
548.976 0.0346527
549.783 0.0346034
550.589 0.0345544
551.395 0.0345056
552.200 0.0344571
553.004 0.0344088
553.808 0.0343608
554.611 0.0343130
555.414 0.0342655
556.216 0.0342183
557.018 0.0341713
557.819 0.0341245
558.619 0.0340781
559.419 0.0340319
560.218 0.0339861
561.017 0.0339404
561.815 0.0338951
562.613 0.0338501
563.410 0.0338053
564.207 0.0337608
565.003 0.0337166
565.799 0.0336727
566.594 0.0336291
567.388 0.0335858
568.182 0.0335428
568.976 0.0335001
569.769 0.0334576
570.562 0.0334154
571.354 0.0333735
572.145 0.0333319
572.936 0.0332906
573.727 0.0332495
574.517 0.0332086
575.307 0.0331680
576.096 0.0331276
576.885 0.0330875
577.673 0.0330476
578.461 0.0330078
579.248 0.0329683
580.035 0.0329290
580.821 0.0328899
581.607 0.0328509
582.392 0.0328121
583.177 0.0327735
583.962 0.0327349
584.746 0.0326966
585.529 0.0326584
586.313 0.0326203
587.095 0.0325823
587.878 0.0325444
588.660 0.0325067
589.441 0.0324691
590.222 0.0324316
591.003 0.0323942
591.783 0.0323569
592.563 0.0323197
593.342 0.0322827
594.121 0.0322457
594.899 0.0322089
595.678 0.0321722
596.455 0.0321356
597.233 0.0320992
598.009 0.0320629
598.786 0.0320267
599.562 0.0319907
600.338 0.0319549
601.113 0.0319192
601.888 0.0318837
602.663 0.0318484
603.437 0.0318133
604.211 0.0317784
604.984 0.0317437
605.757 0.0317092
606.530 0.0316749
607.302 0.0316409
608.074 0.0316071
608.845 0.0315736
609.616 0.0315403
610.387 0.0315072
611.158 0.0314744
611.928 0.0314418
612.697 0.0314095
613.467 0.0313775
614.236 0.0313457
615.004 0.0313141
615.773 0.0312828
616.541 0.0312517
617.308 0.0312209
618.076 0.0311903
618.843 0.0311599
619.609 0.0311298
620.375 0.0310998
621.141 0.0310701
621.907 0.0310405
622.672 0.0310111
623.437 0.0309819
624.202 0.0309528
624.966 0.0309239
625.730 0.0308950
626.493 0.0308664
627.257 0.0308377
628.020 0.0308092
628.782 0.0307809
629.545 0.0307525
630.307 0.0307242
631.068 0.0306959
631.830 0.0306677
632.591 0.0306395
633.352 0.0306113
634.112 0.0305832
634.872 0.0305550
635.632 0.0305269
636.392 0.0304987
637.151 0.0304705
637.910 0.0304423
638.668 0.0304141
639.427 0.0303858
640.185 0.0303575
640.943 0.0303292
641.700 0.0303009
642.457 0.0302726
643.214 0.0302443
643.971 0.0302159
644.727 0.0301876
645.483 0.0301593
646.239 0.0301310
646.994 0.0301028
647.750 0.0300746
648.505 0.0300464
649.259 0.0300183
650.014 0.0299903
650.768 0.0299624
651.521 0.0299346
652.275 0.0299068
653.028 0.0298793
653.781 0.0298518
654.534 0.0298245
655.286 0.0297974
656.039 0.0297704
656.791 0.0297437
657.542 0.0297171
658.294 0.0296908
659.045 0.0296646
659.796 0.0296388
660.546 0.0296131
661.297 0.0295877
662.047 0.0295626
662.796 0.0295377
663.546 0.0295131
664.295 0.0294888
665.044 0.0294647
665.793 0.0294409
666.542 0.0294174
667.290 0.0293942
668.038 0.0293712
668.786 0.0293485
669.533 0.0293261
670.281 0.0293039
671.028 0.0292820
671.774 0.0292603
672.521 0.0292389
673.267 0.0292177
674.013 0.0291967
674.759 0.0291759
675.505 0.0291552
676.250 0.0291348
676.995 0.0291145
677.740 0.0290944
678.484 0.0290744
679.229 0.0290545
679.973 0.0290347
680.717 0.0290150
681.460 0.0289954
682.204 0.0289758
682.947 0.0289562
683.690 0.0289367
684.433 0.0289171
685.175 0.0288976
685.917 0.0288780
686.659 0.0288584
687.401 0.0288387
688.142 0.0288189
688.884 0.0287991
689.625 0.0287791
690.365 0.0287591
691.106 0.0287389
691.846 0.0287187
692.586 0.0286982
693.326 0.0286777
694.066 0.0286570
694.805 0.0286361
695.545 0.0286151
696.284 0.0285940
697.022 0.0285727
697.761 0.0285512
698.499 0.0285296
699.237 0.0285078
699.975 0.0284859
700.713 0.0284639
701.450 0.0284417
702.187 0.0284194
702.924 0.0283970
703.661 0.0283745
704.397 0.0283520
705.133 0.0283293
705.869 0.0283066
706.605 0.0282838
707.341 0.0282609
708.076 0.0282381
708.811 0.0282152
709.546 0.0281924
710.281 0.0281695
711.015 0.0281468
711.749 0.0281241
712.483 0.0281014
713.217 0.0280789
713.950 0.0280565
714.684 0.0280342
715.417 0.0280121
716.150 0.0279901
716.882 0.0279683
717.615 0.0279467
718.347 0.0279253
719.079 0.0279042
719.811 0.0278833
720.542 0.0278626
721.273 0.0278423
722.005 0.0278222
722.735 0.0278024
723.466 0.0277829
724.196 0.0277637
724.927 0.0277448
725.656 0.0277263
726.386 0.0277081
727.116 0.0276902
727.845 0.0276727
728.574 0.0276555
729.303 0.0276387
730.031 0.0276222
730.760 0.0276060
731.488 0.0275902
732.216 0.0275747
732.944 0.0275595
733.671 0.0275447
734.398 0.0275302
735.125 0.0275160
735.852 0.0275020
736.579 0.0274884
737.305 0.0274750
738.031 0.0274619
738.757 0.0274490
739.483 0.0274363
740.208 0.0274239
740.933 0.0274116
741.658 0.0273996
742.383 0.0273877
743.108 0.0273759
743.832 0.0273642
744.556 0.0273527
745.280 0.0273412
746.004 0.0273299
746.727 0.0273185
747.450 0.0273072
748.173 0.0272959
748.896 0.0272846
749.618 0.0272732
750.340 0.0272618
751.062 0.0272504
751.784 0.0272388
752.506 0.0272271
753.227 0.0272153
753.948 0.0272034
754.669 0.0271913
755.389 0.0271791
756.110 0.0271666
756.830 0.0271539
757.550 0.0271411
758.269 0.0271280
758.989 0.0271147
759.708 0.0271011
760.427 0.0270873
761.146 0.0270732
761.864 0.0270588
762.582 0.0270442
763.300 0.0270292
764.018 0.0270140
764.736 0.0269985
765.453 0.0269828
766.170 0.0269667
766.887 0.0269503
767.603 0.0269337
768.320 0.0269168
769.036 0.0268996
769.751 0.0268822
770.467 0.0268644
771.182 0.0268465
771.897 0.0268283
772.612 0.0268098
773.327 0.0267911
774.041 0.0267723
774.755 0.0267532
775.469 0.0267339
776.183 0.0267145
776.896 0.0266950
777.609 0.0266752
778.322 0.0266554
779.035 0.0266355
779.747 0.0266155
780.459 0.0265954
781.171 0.0265753
781.882 0.0265552
782.594 0.0265350
783.305 0.0265149
784.016 0.0264948
784.726 0.0264747
785.436 0.0264548
786.147 0.0264349
786.856 0.0264151
787.566 0.0263955
788.275 0.0263760
788.984 0.0263567
789.693 0.0263376
790.401 0.0263187
791.110 0.0263000
791.818 0.0262815
792.525 0.0262634
793.233 0.0262455
793.940 0.0262279
794.647 0.0262106
795.353 0.0261936
796.060 0.0261770
796.766 0.0261607
797.472 0.0261447
798.177 0.0261292
798.883 0.0261140
799.588 0.0260992
800.292 0.0260848
800.997 0.0260708
801.701 0.0260572
802.405 0.0260441
803.109 0.0260313
803.812 0.0260190
804.515 0.0260071
805.218 0.0259956
805.921 0.0259845
806.623 0.0259739
807.325 0.0259637
808.027 0.0259539
808.728 0.0259445
809.429 0.0259355
810.130 0.0259269
810.831 0.0259187
811.531 0.0259108
812.231 0.0259034
812.931 0.0258962
813.630 0.0258895
814.330 0.0258831
815.029 0.0258770
815.727 0.0258712
816.426 0.0258657
817.124 0.0258605
817.821 0.0258555
818.519 0.0258508
819.216 0.0258463
819.913 0.0258421
820.609 0.0258380
821.306 0.0258341
822.002 0.0258304
822.697 0.0258268
823.393 0.0258233
824.088 0.0258199
824.783 0.0258166
825.477 0.0258133
826.171 0.0258101
826.865 0.0258069
827.559 0.0258037
828.252 0.0258005
828.945 0.0257973
829.638 0.0257940
830.330 0.0257906
831.023 0.0257871
831.714 0.0257835
832.406 0.0257797
833.097 0.0257758
833.788 0.0257717
834.479 0.0257675
835.169 0.0257630
835.859 0.0257583
836.548 0.0257534
837.238 0.0257482
837.927 0.0257427
838.615 0.0257370
839.304 0.0257310
839.992 0.0257246
840.680 0.0257180
841.367 0.0257110
842.054 0.0257037
842.741 0.0256960
843.428 0.0256880
844.114 0.0256796
844.800 0.0256709
845.485 0.0256617
846.170 0.0256522
846.855 0.0256423
847.540 0.0256321
848.224 0.0256214
848.908 0.0256104
849.592 0.0255989
850.275 0.0255871
850.958 0.0255749
851.641 0.0255623
852.323 0.0255493
853.005 0.0255359
853.687 0.0255222
854.368 0.0255081
855.049 0.0254937
855.730 0.0254788
856.410 0.0254637
857.090 0.0254482
857.769 0.0254324
858.449 0.0254163
859.128 0.0253998
859.806 0.0253831
860.485 0.0253661
861.163 0.0253488
861.840 0.0253313
862.518 0.0253135
863.195 0.0252955
863.871 0.0252774
864.548 0.0252589
865.224 0.0252404
865.899 0.0252217
866.574 0.0252028
867.249 0.0251838
867.924 0.0251646
868.598 0.0251454
869.272 0.0251262
869.946 0.0251068
870.619 0.0250874
871.292 0.0250680
871.964 0.0250486
872.636 0.0250292
873.308 0.0250099
873.979 0.0249906
874.651 0.0249713
875.321 0.0249522
875.992 0.0249331
876.662 0.0249142
877.331 0.0248954
878.001 0.0248768
878.670 0.0248584
879.338 0.0248401
880.007 0.0248221
880.675 0.0248042
881.342 0.0247867
882.009 0.0247694
882.676 0.0247523
883.343 0.0247356
884.009 0.0247191
884.675 0.0247030
885.340 0.0246871
886.005 0.0246717
886.670 0.0246565
887.334 0.0246418
887.998 0.0246274
888.662 0.0246134
889.325 0.0245998
889.988 0.0245866
890.650 0.0245738
891.312 0.0245614
891.974 0.0245495
892.636 0.0245379
893.297 0.0245268
893.957 0.0245162
894.618 0.0245060
895.278 0.0244963
895.937 0.0244870
896.596 0.0244782
897.255 0.0244698
897.914 0.0244619
898.572 0.0244544
899.230 0.0244474
899.887 0.0244409
900.544 0.0244348
901.201 0.0244291
901.857 0.0244240
902.513 0.0244192
903.168 0.0244149
903.823 0.0244111
904.478 0.0244076
905.132 0.0244046
905.786 0.0244020
906.440 0.0243998
907.093 0.0243980
907.746 0.0243967
908.399 0.0243956
909.051 0.0243950
909.703 0.0243947
910.354 0.0243948
911.005 0.0243952
911.656 0.0243960
912.306 0.0243971
912.956 0.0243985
913.605 0.0244001
914.254 0.0244021
914.903 0.0244043
915.551 0.0244068
916.199 0.0244095
916.847 0.0244124
917.494 0.0244156
918.141 0.0244189
918.788 0.0244224
919.434 0.0244261
920.079 0.0244299
920.725 0.0244339
921.370 0.0244380
922.014 0.0244422
922.658 0.0244464
923.302 0.0244508
923.946 0.0244552
924.589 0.0244596
925.231 0.0244641
925.873 0.0244686
926.515 0.0244730
927.157 0.0244775
927.798 0.0244819
928.439 0.0244862
929.079 0.0244905
929.719 0.0244947
930.359 0.0244988
930.998 0.0245028
931.637 0.0245066
932.275 0.0245103
932.913 0.0245139
933.551 0.0245172
934.188 0.0245204
934.825 0.0245234
935.462 0.0245262
936.098 0.0245287
936.733 0.0245310
937.369 0.0245331
938.004 0.0245349
938.638 0.0245365
939.273 0.0245377
939.907 0.0245387
940.540 0.0245393
941.173 0.0245397
941.806 0.0245397
942.438 0.0245394
943.070 0.0245388
943.702 0.0245378
944.333 0.0245365
944.964 0.0245348
945.594 0.0245327
946.224 0.0245303
946.854 0.0245274
947.483 0.0245242
948.112 0.0245206
948.741 0.0245167
949.369 0.0245123
949.996 0.0245075
950.624 0.0245023
951.251 0.0244968
951.878 0.0244908
952.504 0.0244844
953.130 0.0244776
953.755 0.0244704
954.380 0.0244628
955.005 0.0244548
955.629 0.0244463
956.253 0.0244375
956.877 0.0244283
957.500 0.0244186
958.123 0.0244086
958.746 0.0243982
959.368 0.0243874
959.990 0.0243762
960.611 0.0243666
961.232 0.0243566
961.853 0.0243462
962.473 0.0243355
963.093 0.0243243
963.712 0.0243129
964.331 0.0243011
964.950 0.0242890
965.569 0.0242765
966.187 0.0242637
966.804 0.0242505
967.422 0.0242371
968.039 0.0242234
968.655 0.0242094
969.272 0.0241950
969.887 0.0241805
970.503 0.0241656
971.118 0.0241505
971.733 0.0241352
972.347 0.0241196
972.961 0.0241038
973.575 0.0240878
974.188 0.0240716
974.801 0.0240553
975.414 0.0240387
976.026 0.0240220
976.638 0.0240051
977.250 0.0239881
977.861 0.0239709
978.472 0.0239537
979.083 0.0239363
979.693 0.0239188
980.303 0.0239013
980.912 0.0238837
981.521 0.0238660
982.130 0.0238483
982.738 0.0238306
983.346 0.0238129
983.954 0.0237951
984.562 0.0237773
985.169 0.0237596
985.775 0.0237419
986.382 0.0237243
986.988 0.0237067
987.594 0.0236891
988.199 0.0236717
988.804 0.0236543
989.409 0.0236371
990.013 0.0236200
990.617 0.0236029
991.221 0.0235861
991.824 0.0235693
992.427 0.0235528
993.030 0.0235364
993.632 0.0235202
994.234 0.0235042
994.836 0.0234883
995.438 0.0234727
996.039 0.0234573
996.640 0.0234422
997.240 0.0234273
997.840 0.0234126
998.440 0.0233982
999.040 0.0233841
999.639 0.0233703
1000.238 0.0233560
1000.836 0.0233411
1001.435 0.0233264
1002.033 0.0233121
1002.630 0.0232981
1003.228 0.0232844
1003.825 0.0232711
1004.422 0.0232581
1005.018 0.0232455
1005.614 0.0232332
1006.210 0.0232212
1006.806 0.0232097
1007.401 0.0231985
1007.996 0.0231877
1008.591 0.0231773
1009.186 0.0231672
1009.780 0.0231575
1010.374 0.0231483
1010.967 0.0231394
1011.561 0.0231309
1012.154 0.0231228
1012.746 0.0231152
1013.339 0.0231079
1013.931 0.0231010
1014.523 0.0230946
1015.115 0.0230885
1015.706 0.0230829
1016.298 0.0230777
1016.888 0.0230728
1017.479 0.0230684
1018.069 0.0230644
1018.660 0.0230608
1019.250 0.0230576
1019.839 0.0230548
1020.429 0.0230524
1021.018 0.0230504
1021.607 0.0230488
1022.195 0.0230476
1022.784 0.0230468
1023.372 0.0230464
1023.960 0.0230464
1024.547 0.0230467
1025.135 0.0230475
1025.722 0.0230486
1026.309 0.0230500
1026.896 0.0230519
1027.483 0.0230541
1028.069 0.0230566
1028.655 0.0230595
1029.241 0.0230628
1029.827 0.0230663
1030.412 0.0230702
1030.997 0.0230745
1031.582 0.0230790
1032.167 0.0230839
1032.752 0.0230891
1033.336 0.0230945
1033.921 0.0231003
1034.505 0.0231063
1035.089 0.0231126
1035.672 0.0231192
1036.256 0.0231260
1036.839 0.0231331
1037.422 0.0231405
1038.005 0.0231480
1038.588 0.0231558
1039.171 0.0231639
1039.753 0.0231721
1040.335 0.0231805
1040.918 0.0231891
1041.500 0.0231979
1042.081 0.0232069
1042.663 0.0232160
1043.244 0.0232253
1043.826 0.0232347
1044.407 0.0232443
1044.988 0.0232540
1045.569 0.0232638
1046.150 0.0232737
1046.730 0.0232837
1047.311 0.0232939
1047.891 0.0233040
1048.471 0.0233143
1049.052 0.0233246
1049.632 0.0233350
1050.211 0.0233453
1050.791 0.0233558
1051.371 0.0233662
1051.950 0.0233767
1052.530 0.0233871
1053.109 0.0233976
1053.688 0.0234080
1054.268 0.0234184
1054.847 0.0234287
1055.426 0.0234391
1056.005 0.0234493
1056.583 0.0234595
1057.162 0.0234696
1057.741 0.0234796
1058.319 0.0234895
1058.898 0.0234994
1059.476 0.0235091
1060.055 0.0235186
1060.633 0.0235281
1061.211 0.0235374
1061.790 0.0235466
1062.368 0.0235556
1062.946 0.0235644
1063.524 0.0235731
1064.102 0.0235816
1064.680 0.0235899
1065.258 0.0235980
1065.836 0.0236058
1066.414 0.0236135
1066.992 0.0236210
1067.570 0.0236282
1068.148 0.0236352
1068.726 0.0236419
1069.304 0.0236484
1069.882 0.0236547
1070.460 0.0236606
1071.038 0.0236663
1071.616 0.0236718
1072.194 0.0236769
1072.772 0.0236817
1073.350 0.0236863
1073.928 0.0236906
1074.506 0.0236945
1075.084 0.0236981
1075.662 0.0237015
1076.240 0.0237045
1076.819 0.0237071
1077.397 0.0237095
1077.976 0.0237115
1078.554 0.0237131
1079.133 0.0237145
1079.711 0.0237154
1080.290 0.0237161
1080.869 0.0237163
1081.448 0.0237162
1082.027 0.0237158
1082.606 0.0237150
1083.185 0.0237138
1083.764 0.0237122
1084.343 0.0237103
1084.923 0.0237080
1085.502 0.0237054
1086.082 0.0237023
1086.662 0.0236989
1087.242 0.0236951
1087.822 0.0236909
1088.402 0.0236864
1088.983 0.0236814
1089.563 0.0236761
1090.144 0.0236704
1090.725 0.0236643
1091.306 0.0236579
1091.887 0.0236510
1092.469 0.0236438
1093.050 0.0236362
1093.632 0.0236282
1094.214 0.0236198
1094.796 0.0236111
1095.379 0.0236020
1095.961 0.0235925
1096.544 0.0235826
1097.127 0.0235724
1097.710 0.0235618
1098.294 0.0235509
1098.877 0.0235395
1099.461 0.0235279
1100.046 0.0235158
1100.630 0.0235035
1101.215 0.0234907
1101.800 0.0234777
1102.385 0.0234642
1102.970 0.0234505
1103.556 0.0234364
1104.142 0.0234220
1104.728 0.0234073
1105.315 0.0233923
1105.902 0.0233769
1106.489 0.0233612
1107.077 0.0233452
1107.664 0.0233290
1108.253 0.0233124
1108.841 0.0232956
1109.430 0.0232785
1110.019 0.0232611
1110.609 0.0232434
1111.198 0.0232255
1111.789 0.0232073
1112.379 0.0231889
1112.970 0.0231702
1113.561 0.0231513
1114.153 0.0231321
1114.745 0.0231128
1115.338 0.0230932
1115.931 0.0230734
1116.524 0.0230534
1117.117 0.0230333
1117.712 0.0230129
1118.306 0.0229924
1118.901 0.0229717
1119.496 0.0229509
1120.092 0.0229299
1120.689 0.0229087
1121.285 0.0228874
1121.882 0.0228660
1122.480 0.0228445
1123.078 0.0228229
1123.677 0.0228011
1124.276 0.0227793
1124.875 0.0227574
1125.476 0.0227354
1126.076 0.0227133
1126.677 0.0226912
1127.279 0.0226691
1127.881 0.0226469
1128.484 0.0226246
1129.087 0.0226024
1129.691 0.0225801
1130.295 0.0225579
1130.900 0.0225356
1131.505 0.0225134
1132.111 0.0224912
1132.718 0.0224690
1133.325 0.0224469
1133.933 0.0224248
1134.541 0.0224028
1135.150 0.0223809
1135.760 0.0223590
1136.370 0.0223373
1136.981 0.0223156
1137.592 0.0222941
1138.204 0.0222726
1138.817 0.0222513
1139.431 0.0222301
1140.045 0.0222091
1140.660 0.0221883
1141.275 0.0221676
1141.891 0.0221471
1142.508 0.0221267
1143.126 0.0221066
1143.744 0.0220866
1144.363 0.0220669
1144.983 0.0220474
