432.689 0.0462604
433.621 0.0461203
434.552 0.0459816
435.482 0.0458442
436.410 0.0457083
437.337 0.0455736
438.262 0.0454404
439.187 0.0453083
440.110 0.0451776
441.031 0.0450482
441.952 0.0449200
442.871 0.0447930
443.789 0.0446673
444.705 0.0445428
445.621 0.0444193
446.535 0.0442972
447.447 0.0441762
448.359 0.0440562
449.269 0.0439375
450.178 0.0438198
451.086 0.0437031
451.993 0.0435875
452.898 0.0434731
453.803 0.0433595
454.706 0.0432471
455.608 0.0431356
456.508 0.0430253
457.408 0.0429158
458.306 0.0428073
459.204 0.0426997
460.100 0.0425931
460.995 0.0424875
461.888 0.0423829
462.781 0.0422790
463.673 0.0421760
464.563 0.0420741
465.452 0.0419729
466.340 0.0418727
467.228 0.0417731
468.114 0.0416746
468.999 0.0415768
469.882 0.0414800
470.765 0.0413838
471.647 0.0412885
472.528 0.0411939
473.407 0.0411002
474.286 0.0410072
475.163 0.0409150
476.040 0.0408235
476.915 0.0407329
477.790 0.0406428
478.663 0.0405536
479.535 0.0404651
480.407 0.0403772
481.277 0.0402901
482.147 0.0402036
483.015 0.0401179
483.883 0.0400327
484.749 0.0399483
485.615 0.0398644
486.479 0.0397813
487.343 0.0396988
488.206 0.0396168
489.067 0.0395356
489.928 0.0394549
490.788 0.0393748
491.647 0.0392953
492.505 0.0392165
493.362 0.0391382
494.218 0.0390605
495.073 0.0389833
495.928 0.0389067
496.781 0.0388307
497.634 0.0387552
498.486 0.0386803
499.337 0.0386059
500.187 0.0385321
501.036 0.0384588
501.884 0.0383860
502.731 0.0383138
503.578 0.0382421
504.424 0.0381708
505.268 0.0381002
506.113 0.0380299
506.956 0.0379603
507.798 0.0378911
508.640 0.0378224
509.480 0.0377543
510.320 0.0376865
511.160 0.0376192
511.998 0.0375525
512.836 0.0374862
513.672 0.0374204
514.508 0.0373550
515.344 0.0372900
516.178 0.0372255
517.012 0.0371614
517.845 0.0370978
518.677 0.0370346
519.508 0.0369719
520.339 0.0369095
521.169 0.0368475
521.998 0.0367860
522.826 0.0367248
523.654 0.0366640
524.481 0.0366036
525.307 0.0365437
526.133 0.0364840
526.958 0.0364247
527.782 0.0363658
528.605 0.0363073
529.428 0.0362490
530.250 0.0361912
531.072 0.0361336
531.892 0.0360765
532.712 0.0360197
533.532 0.0359632
534.350 0.0359071
535.168 0.0358512
535.986 0.0357957
536.802 0.0357406
537.618 0.0356857
538.434 0.0356312
539.249 0.0355770
540.063 0.0355231
540.876 0.0354696
541.689 0.0354163
542.501 0.0353634
543.313 0.0353108
544.124 0.0352586
544.934 0.0352066
545.744 0.0351550
546.553 0.0351037
547.361 0.0350527
548.169 0.0350021
548.976 0.0349517
549.783 0.0349017
550.589 0.0348520
551.395 0.0348026
552.200 0.0347535
553.004 0.0347047
553.808 0.0346562
554.611 0.0346081
555.414 0.0345602
556.216 0.0345127
557.018 0.0344654
557.819 0.0344184
558.619 0.0343717
559.419 0.0343253
560.218 0.0342793
561.017 0.0342334
561.815 0.0341879
562.613 0.0341425
563.410 0.0340975
564.207 0.0340527
565.003 0.0340082
565.799 0.0339639
566.594 0.0339198
567.388 0.0338760
568.182 0.0338325
568.976 0.0337891
569.769 0.0337459
570.562 0.0337029
571.354 0.0336602
572.145 0.0336177
572.936 0.0335753
573.727 0.0335332
574.517 0.0334912
575.307 0.0334494
576.096 0.0334078
576.885 0.0333663
577.673 0.0333251
578.461 0.0332840
579.248 0.0332431
580.035 0.0332023
580.821 0.0331617
581.607 0.0331213
582.392 0.0330810
583.177 0.0330409
583.962 0.0330010
584.746 0.0329612
585.529 0.0329216
586.313 0.0328821
587.095 0.0328429
587.878 0.0328038
588.660 0.0327648
589.441 0.0327261
590.222 0.0326875
591.003 0.0326491
591.783 0.0326109
592.563 0.0325729
593.342 0.0325351
594.121 0.0324975
594.899 0.0324601
595.678 0.0324229
596.455 0.0323859
597.233 0.0323491
598.009 0.0323125
598.786 0.0322761
599.562 0.0322400
600.338 0.0322040
601.113 0.0321684
601.888 0.0321329
602.663 0.0320976
603.437 0.0320626
604.211 0.0320278
604.984 0.0319933
605.757 0.0319589
606.530 0.0319248
607.302 0.0318909
608.074 0.0318573
608.845 0.0318239
609.616 0.0317907
610.387 0.0317577
611.158 0.0317249
611.928 0.0316923
612.697 0.0316600
613.467 0.0316278
614.236 0.0315958
615.004 0.0315641
615.773 0.0315325
616.541 0.0315011
617.308 0.0314699
618.076 0.0314388
618.843 0.0314079
619.609 0.0313771
620.375 0.0313465
621.141 0.0313160
621.907 0.0312857
622.672 0.0312554
623.437 0.0312253
624.202 0.0311953
624.966 0.0311654
625.730 0.0311356
626.493 0.0311059
627.257 0.0310762
628.020 0.0310467
628.782 0.0310172
629.545 0.0309877
630.307 0.0309583
631.068 0.0309290
631.830 0.0308997
632.591 0.0308705
633.352 0.0308413
634.112 0.0308121
634.872 0.0307830
635.632 0.0307539
636.392 0.0307248
637.151 0.0306958
637.910 0.0306667
638.668 0.0306378
639.427 0.0306088
640.185 0.0305799
640.943 0.0305509
641.700 0.0305221
642.457 0.0304933
643.214 0.0304645
643.971 0.0304357
644.727 0.0304070
645.483 0.0303784
646.239 0.0303498
646.994 0.0303213
647.750 0.0302928
648.505 0.0302644
649.259 0.0302361
650.014 0.0302079
650.768 0.0301798
651.521 0.0301518
652.275 0.0301238
653.028 0.0300961
653.781 0.0300684
654.534 0.0300408
655.286 0.0300134
656.039 0.0299862
656.791 0.0299590
657.542 0.0299321
658.294 0.0299053
659.045 0.0298787
659.796 0.0298523
660.546 0.0298260
661.297 0.0297999
662.047 0.0297741
662.796 0.0297484
663.546 0.0297230
664.295 0.0296977
665.044 0.0296727
665.793 0.0296479
666.542 0.0296233
667.290 0.0295989
668.038 0.0295747
668.786 0.0295508
669.533 0.0295271
670.281 0.0295036
671.028 0.0294803
671.774 0.0294573
672.521 0.0294344
673.267 0.0294118
674.013 0.0293894
674.759 0.0293672
675.505 0.0293452
676.250 0.0293235
676.995 0.0293019
677.740 0.0292805
678.484 0.0292593
679.229 0.0292382
679.973 0.0292174
680.717 0.0291967
681.460 0.0291761
682.204 0.0291557
682.947 0.0291354
683.690 0.0291153
684.433 0.0290953
685.175 0.0290754
685.917 0.0290556
686.659 0.0290358
687.401 0.0290162
688.142 0.0289966
688.884 0.0289771
689.625 0.0289577
690.365 0.0289383
691.106 0.0289189
691.846 0.0288995
692.586 0.0288802
693.326 0.0288608
694.066 0.0288414
694.805 0.0288221
695.545 0.0288027
696.284 0.0287832
697.022 0.0287638
697.761 0.0287443
698.499 0.0287247
699.237 0.0287051
699.975 0.0286854
700.713 0.0286656
701.450 0.0286457
702.187 0.0286258
702.924 0.0286058
703.661 0.0285857
704.397 0.0285655
705.133 0.0285452
705.869 0.0285248
706.605 0.0285043
707.341 0.0284837
708.076 0.0284630
708.811 0.0284422
709.546 0.0284213
710.281 0.0284003
711.015 0.0283793
711.749 0.0283581
712.483 0.0283368
713.217 0.0283155
713.950 0.0282941
714.684 0.0282726
715.417 0.0282510
716.150 0.0282294
716.882 0.0282078
717.615 0.0281860
718.347 0.0281643
719.079 0.0281425
719.811 0.0281207
720.542 0.0280989
721.273 0.0280771
722.005 0.0280552
722.735 0.0280335
723.466 0.0280117
724.196 0.0279899
724.927 0.0279682
725.656 0.0279466
726.386 0.0279250
727.116 0.0279035
727.845 0.0278821
728.574 0.0278608
729.303 0.0278395
730.031 0.0278185
730.760 0.0277975
731.488 0.0277767
732.216 0.0277560
732.944 0.0277354
733.671 0.0277151
734.398 0.0276949
735.125 0.0276749
735.852 0.0276551
736.579 0.0276355
737.305 0.0276161
738.031 0.0275970
738.757 0.0275780
739.483 0.0275593
740.208 0.0275408
740.933 0.0275226
741.658 0.0275046
742.383 0.0274868
743.108 0.0274694
743.832 0.0274521
744.556 0.0274352
745.280 0.0274185
746.004 0.0274021
746.727 0.0273859
747.450 0.0273700
748.173 0.0273544
748.896 0.0273391
749.618 0.0273240
750.340 0.0273092
751.062 0.0272947
751.784 0.0272804
752.506 0.0272664
753.227 0.0272526
753.948 0.0272391
754.669 0.0272258
755.389 0.0272128
756.110 0.0272000
756.830 0.0271874
757.550 0.0271750
758.269 0.0271629
758.989 0.0271510
759.708 0.0271392
760.427 0.0271277
761.146 0.0271163
761.864 0.0271051
762.582 0.0270941
763.300 0.0270832
764.018 0.0270724
764.736 0.0270618
765.453 0.0270513
766.170 0.0270409
766.887 0.0270306
767.603 0.0270204
768.320 0.0270102
769.036 0.0270001
769.751 0.0269901
770.467 0.0269801
771.182 0.0269701
771.897 0.0269601
772.612 0.0269502
773.327 0.0269402
774.041 0.0269302
774.755 0.0269202
775.469 0.0269101
776.183 0.0269000
776.896 0.0268898
777.609 0.0268795
778.322 0.0268692
779.035 0.0268587
779.747 0.0268482
780.459 0.0268375
781.171 0.0268267
781.882 0.0268158
782.594 0.0268047
783.305 0.0267934
784.016 0.0267820
784.726 0.0267705
785.436 0.0267588
786.147 0.0267469
786.856 0.0267348
787.566 0.0267225
788.275 0.0267100
788.984 0.0266974
789.693 0.0266845
790.401 0.0266714
791.110 0.0266581
791.818 0.0266446
792.525 0.0266309
793.233 0.0266170
793.940 0.0266028
794.647 0.0265884
795.353 0.0265739
796.060 0.0265591
796.766 0.0265441
797.472 0.0265288
798.177 0.0265134
798.883 0.0264978
799.588 0.0264819
800.292 0.0264659
800.997 0.0264497
801.701 0.0264333
802.405 0.0264166
803.109 0.0263999
803.812 0.0263829
804.515 0.0263658
805.218 0.0263485
805.921 0.0263311
806.623 0.0263135
807.325 0.0262958
808.027 0.0262779
808.728 0.0262600
809.429 0.0262419
810.130 0.0262238
810.831 0.0262055
811.531 0.0261872
812.231 0.0261688
812.931 0.0261503
813.630 0.0261318
814.330 0.0261132
815.029 0.0260946
815.727 0.0260761
816.426 0.0260574
817.124 0.0260389
817.821 0.0260203
818.519 0.0260017
819.216 0.0259832
819.913 0.0259648
820.609 0.0259464
821.306 0.0259281
822.002 0.0259098
822.697 0.0258917
823.393 0.0258737
824.088 0.0258558
824.783 0.0258380
825.477 0.0258204
826.171 0.0258029
826.865 0.0257856
827.559 0.0257684
828.252 0.0257515
828.945 0.0257347
829.638 0.0257181
830.330 0.0257017
831.023 0.0256856
831.714 0.0256697
832.406 0.0256540
833.097 0.0256385
833.788 0.0256233
834.479 0.0256084
835.169 0.0255937
835.859 0.0255793
836.548 0.0255652
837.238 0.0255514
837.927 0.0255378
838.615 0.0255246
839.304 0.0255116
839.992 0.0254990
840.680 0.0254867
841.367 0.0254746
842.054 0.0254629
842.741 0.0254515
843.428 0.0254404
844.114 0.0254296
844.800 0.0254192
845.485 0.0254091
846.170 0.0253993
846.855 0.0253898
847.540 0.0253806
848.224 0.0253718
848.908 0.0253632
849.592 0.0253550
850.275 0.0253471
850.958 0.0253395
851.641 0.0253322
852.323 0.0253252
853.005 0.0253186
853.687 0.0253122
854.368 0.0253061
855.049 0.0253003
855.730 0.0252947
856.410 0.0252895
857.090 0.0252845
857.769 0.0252798
858.449 0.0252753
859.128 0.0252711
859.806 0.0252671
860.485 0.0252633
861.163 0.0252598
861.840 0.0252565
862.518 0.0252534
863.195 0.0252505
863.871 0.0252478
864.548 0.0252453
865.224 0.0252429
865.899 0.0252408
866.574 0.0252387
867.249 0.0252368
867.924 0.0252351
868.598 0.0252334
869.272 0.0252319
869.946 0.0252305
870.619 0.0252292
871.292 0.0252279
871.964 0.0252268
872.636 0.0252256
873.308 0.0252246
873.979 0.0252236
874.651 0.0252226
875.321 0.0252216
875.992 0.0252206
876.662 0.0252197
877.331 0.0252187
878.001 0.0252177
878.670 0.0252166
879.338 0.0252155
880.007 0.0252144
880.675 0.0252132
881.342 0.0252119
882.009 0.0252106
882.676 0.0252091
883.343 0.0252075
884.009 0.0252059
884.675 0.0252041
885.340 0.0252021
886.005 0.0252001
886.670 0.0251979
887.334 0.0251955
887.998 0.0251930
888.662 0.0251902
889.325 0.0251874
889.988 0.0251843
890.650 0.0251810
891.312 0.0251775
891.974 0.0251739
892.636 0.0251700
893.297 0.0251658
893.957 0.0251615
894.618 0.0251569
895.278 0.0251521
895.937 0.0251471
896.596 0.0251418
897.255 0.0251362
897.914 0.0251304
898.572 0.0251243
899.230 0.0251180
899.887 0.0251114
900.544 0.0251046
901.201 0.0250974
901.857 0.0250900
902.513 0.0250824
903.168 0.0250744
903.823 0.0250662
904.478 0.0250577
905.132 0.0250489
905.786 0.0250398
906.440 0.0250305
907.093 0.0250209
907.746 0.0250110
908.399 0.0250008
909.051 0.0249904
909.703 0.0249797
910.354 0.0249687
911.005 0.0249575
911.656 0.0249459
912.306 0.0249342
912.956 0.0249221
913.605 0.0249098
914.254 0.0248973
914.903 0.0248845
915.551 0.0248715
916.199 0.0248582
916.847 0.0248447
917.494 0.0248309
918.141 0.0248170
918.788 0.0248028
919.434 0.0247884
920.079 0.0247738
920.725 0.0247589
921.370 0.0247439
922.014 0.0247287
922.658 0.0247134
923.302 0.0246978
923.946 0.0246820
924.589 0.0246661
925.231 0.0246501
925.873 0.0246339
926.515 0.0246176
927.157 0.0246011
927.798 0.0245845
928.439 0.0245678
929.079 0.0245509
929.719 0.0245340
930.359 0.0245170
930.998 0.0244999
931.637 0.0244827
932.275 0.0244655
932.913 0.0244481
933.551 0.0244308
934.188 0.0244134
934.825 0.0243959
935.462 0.0243784
936.098 0.0243610
936.733 0.0243435
937.369 0.0243260
938.004 0.0243085
938.638 0.0242910
939.273 0.0242736
939.907 0.0242562
940.540 0.0242388
941.173 0.0242215
941.806 0.0242042
942.438 0.0241870
943.070 0.0241699
943.702 0.0241529
944.333 0.0241359
944.964 0.0241191
945.594 0.0241024
946.224 0.0240857
946.854 0.0240692
947.483 0.0240529
948.112 0.0240367
948.741 0.0240206
949.369 0.0240047
949.996 0.0239889
950.624 0.0239733
951.251 0.0239579
951.878 0.0239426
952.504 0.0239276
953.130 0.0239127
953.755 0.0238981
954.380 0.0238836
955.005 0.0238694
955.629 0.0238554
956.253 0.0238416
956.877 0.0238280
957.500 0.0238146
958.123 0.0238015
958.746 0.0237887
959.368 0.0237761
959.990 0.0237637
960.611 0.0237536
961.232 0.0237437
961.853 0.0237341
962.473 0.0237248
963.093 0.0237157
963.712 0.0237068
964.331 0.0236983
964.950 0.0236900
965.569 0.0236820
966.187 0.0236743
966.804 0.0236669
967.422 0.0236597
968.039 0.0236528
968.655 0.0236462
969.272 0.0236399
969.887 0.0236339
970.503 0.0236282
971.118 0.0236228
971.733 0.0236177
972.347 0.0236128
972.961 0.0236083
973.575 0.0236041
974.188 0.0236001
974.801 0.0235965
975.414 0.0235931
976.026 0.0235900
976.638 0.0235872
977.250 0.0235848
977.861 0.0235826
978.472 0.0235807
979.083 0.0235791
979.693 0.0235777
980.303 0.0235767
980.912 0.0235759
981.521 0.0235754
982.130 0.0235752
982.738 0.0235753
983.346 0.0235757
983.954 0.0235763
984.562 0.0235772
985.169 0.0235783
985.775 0.0235797
986.382 0.0235814
986.988 0.0235833
987.594 0.0235855
988.199 0.0235879
988.804 0.0235905
989.409 0.0235934
990.013 0.0235966
990.617 0.0235999
991.221 0.0236035
991.824 0.0236073
992.427 0.0236113
993.030 0.0236156
993.632 0.0236200
994.234 0.0236246
994.836 0.0236295
995.438 0.0236345
996.039 0.0236397
996.640 0.0236451
997.240 0.0236506
997.840 0.0236564
998.440 0.0236622
999.040 0.0236683
999.639 0.0236745
1000.238 0.0236802
1000.836 0.0236850
1001.435 0.0236900
1002.033 0.0236951
1002.630 0.0237003
1003.228 0.0237057
1003.825 0.0237111
1004.422 0.0237167
1005.018 0.0237224
1005.614 0.0237281
1006.210 0.0237340
1006.806 0.0237399
1007.401 0.0237459
1007.996 0.0237520
1008.591 0.0237581
1009.186 0.0237643
1009.780 0.0237706
1010.374 0.0237768
1010.967 0.0237832
1011.561 0.0237895
1012.154 0.0237959
1012.746 0.0238023
1013.339 0.0238087
1013.931 0.0238151
1014.523 0.0238215
1015.115 0.0238279
1015.706 0.0238343
1016.298 0.0238406
1016.888 0.0238469
1017.479 0.0238532
1018.069 0.0238595
1018.660 0.0238657
1019.250 0.0238719
1019.839 0.0238780
1020.429 0.0238840
1021.018 0.0238900
1021.607 0.0238959
1022.195 0.0239017
1022.784 0.0239074
1023.372 0.0239130
1023.960 0.0239186
1024.547 0.0239240
1025.135 0.0239293
1025.722 0.0239345
1026.309 0.0239396
1026.896 0.0239445
1027.483 0.0239493
1028.069 0.0239540
1028.655 0.0239586
1029.241 0.0239630
1029.827 0.0239672
1030.412 0.0239713
1030.997 0.0239752
1031.582 0.0239790
1032.167 0.0239826
1032.752 0.0239860
1033.336 0.0239893
1033.921 0.0239924
1034.505 0.0239952
1035.089 0.0239979
1035.672 0.0240004
1036.256 0.0240027
1036.839 0.0240048
1037.422 0.0240067
1038.005 0.0240084
1038.588 0.0240099
1039.171 0.0240111
1039.753 0.0240122
1040.335 0.0240130
1040.918 0.0240136
1041.500 0.0240140
1042.081 0.0240141
1042.663 0.0240140
1043.244 0.0240137
1043.826 0.0240132
1044.407 0.0240124
1044.988 0.0240114
1045.569 0.0240101
1046.150 0.0240086
1046.730 0.0240068
1047.311 0.0240048
1047.891 0.0240025
1048.471 0.0240000
1049.052 0.0239972
1049.632 0.0239942
1050.211 0.0239910
1050.791 0.0239874
1051.371 0.0239837
1051.950 0.0239796
1052.530 0.0239753
1053.109 0.0239708
1053.688 0.0239660
1054.268 0.0239609
1054.847 0.0239556
1055.426 0.0239500
1056.005 0.0239442
1056.583 0.0239381
1057.162 0.0239317
1057.741 0.0239251
1058.319 0.0239182
1058.898 0.0239111
1059.476 0.0239037
1060.055 0.0238961
1060.633 0.0238882
1061.211 0.0238801
1061.790 0.0238717
1062.368 0.0238630
1062.946 0.0238542
1063.524 0.0238450
1064.102 0.0238356
1064.680 0.0238260
1065.258 0.0238161
1065.836 0.0238060
1066.414 0.0237957
1066.992 0.0237851
1067.570 0.0237743
1068.148 0.0237632
1068.726 0.0237519
1069.304 0.0237404
1069.882 0.0237287
1070.460 0.0237167
1071.038 0.0237045
1071.616 0.0236921
1072.194 0.0236795
1072.772 0.0236667
1073.350 0.0236537
1073.928 0.0236404
1074.506 0.0236270
1075.084 0.0236134
1075.662 0.0235995
1076.240 0.0235855
1076.819 0.0235713
1077.397 0.0235569
1077.976 0.0235423
1078.554 0.0235275
1079.133 0.0235126
1079.711 0.0234975
1080.290 0.0234822
1080.869 0.0234668
1081.448 0.0234511
1082.027 0.0234354
1082.606 0.0234195
1083.185 0.0234034
1083.764 0.0233872
1084.343 0.0233709
1084.923 0.0233544
1085.502 0.0233378
1086.082 0.0233211
1086.662 0.0233043
1087.242 0.0232873
1087.822 0.0232702
1088.402 0.0232530
1088.983 0.0232357
1089.563 0.0232183
1090.144 0.0232009
1090.725 0.0231833
1091.306 0.0231656
1091.887 0.0231479
1092.469 0.0231300
1093.050 0.0231122
1093.632 0.0230942
1094.214 0.0230762
1094.796 0.0230581
1095.379 0.0230400
1095.961 0.0230219
1096.544 0.0230036
1097.127 0.0229854
1097.710 0.0229671
1098.294 0.0229488
1098.877 0.0229305
1099.461 0.0229122
1100.046 0.0228938
1100.630 0.0228755
1101.215 0.0228571
1101.800 0.0228387
1102.385 0.0228204
1102.970 0.0228021
1103.556 0.0227838
1104.142 0.0227655
1104.728 0.0227472
1105.315 0.0227290
1105.902 0.0227108
1106.489 0.0226927
1107.077 0.0226746
1107.664 0.0226566
1108.253 0.0226386
1108.841 0.0226207
1109.430 0.0226029
1110.019 0.0225851
1110.609 0.0225674
1111.198 0.0225498
1111.789 0.0225323
1112.379 0.0225149
1112.970 0.0224976
1113.561 0.0224804
1114.153 0.0224633
1114.745 0.0224463
1115.338 0.0224294
1115.931 0.0224127
1116.524 0.0223961
1117.117 0.0223796
1117.712 0.0223632
1118.306 0.0223471
1118.901 0.0223310
1119.496 0.0223151
1120.092 0.0222994
1120.689 0.0222838
1121.285 0.0222684
1121.882 0.0222531
1122.480 0.0222380
1123.078 0.0222231
1123.677 0.0222084
1124.276 0.0221939
1124.875 0.0221796
1125.476 0.0221654
1126.076 0.0221515
1126.677 0.0221377
1127.279 0.0221242
1127.881 0.0221109
1128.484 0.0220977
1129.087 0.0220849
1129.691 0.0220722
1130.295 0.0220598
1130.900 0.0220475
1131.505 0.0220356
1132.111 0.0220238
1132.718 0.0220123
1133.325 0.0220011
1133.933 0.0219901
1134.541 0.0219793
1135.150 0.0219688
1135.760 0.0219585
1136.370 0.0219486
1136.981 0.0219388
1137.592 0.0219294
1138.204 0.0219202
1138.817 0.0219112
1139.431 0.0219026
1140.045 0.0218942
1140.660 0.0218861
1141.275 0.0218783
1141.891 0.0218708
1142.508 0.0218635
1143.126 0.0218565
1143.744 0.0218499
1144.363 0.0218435
1144.983 0.0218374
