432.689 0.0458712
433.621 0.0457327
434.552 0.0455956
435.482 0.0454597
436.410 0.0453253
437.337 0.0451922
438.262 0.0450605
439.187 0.0449300
440.110 0.0448008
441.031 0.0446729
441.952 0.0445461
442.871 0.0444207
443.789 0.0442964
444.705 0.0441733
445.621 0.0440513
446.535 0.0439306
447.447 0.0438111
448.359 0.0436925
449.269 0.0435752
450.178 0.0434589
451.086 0.0433436
451.993 0.0432294
452.898 0.0431164
453.803 0.0430042
454.706 0.0428931
455.608 0.0427830
456.508 0.0426740
457.408 0.0425659
458.306 0.0424588
459.204 0.0423525
460.100 0.0422472
460.995 0.0421429
461.888 0.0420396
462.781 0.0419370
463.673 0.0418353
464.563 0.0417346
465.452 0.0416347
466.340 0.0415357
467.228 0.0414374
468.114 0.0413400
468.999 0.0412434
469.882 0.0411478
470.765 0.0410528
471.647 0.0409586
472.528 0.0408652
473.407 0.0407727
474.286 0.0406808
475.163 0.0405898
476.040 0.0404994
476.915 0.0404098
477.790 0.0403209
478.663 0.0402327
479.535 0.0401453
480.407 0.0400585
481.277 0.0399725
482.147 0.0398871
483.015 0.0398024
483.883 0.0397183
484.749 0.0396350
485.615 0.0395523
486.479 0.0394702
487.343 0.0393888
488.206 0.0393079
489.067 0.0392278
489.928 0.0391482
490.788 0.0390693
491.647 0.0389909
492.505 0.0389131
493.362 0.0388359
494.218 0.0387593
495.073 0.0386833
495.928 0.0386078
496.781 0.0385329
497.634 0.0384585
498.486 0.0383846
499.337 0.0383113
500.187 0.0382385
501.036 0.0381663
501.884 0.0380946
502.731 0.0380234
503.578 0.0379526
504.424 0.0378823
505.268 0.0378127
506.113 0.0377433
506.956 0.0376746
507.798 0.0376063
508.640 0.0375384
509.480 0.0374711
510.320 0.0374042
511.160 0.0373376
511.998 0.0372716
512.836 0.0372060
513.672 0.0371410
514.508 0.0370763
515.344 0.0370120
516.178 0.0369482
517.012 0.0368848
517.845 0.0368218
518.677 0.0367593
519.508 0.0366972
520.339 0.0366354
521.169 0.0365741
521.998 0.0365132
522.826 0.0364528
523.654 0.0363927
524.481 0.0363330
525.307 0.0362737
526.133 0.0362148
526.958 0.0361563
527.782 0.0360982
528.605 0.0360405
529.428 0.0359831
530.250 0.0359262
531.072 0.0358695
531.892 0.0358134
532.712 0.0357575
533.532 0.0357020
534.350 0.0356469
535.168 0.0355921
535.986 0.0355376
536.802 0.0354836
537.618 0.0354298
538.434 0.0353764
539.249 0.0353233
540.063 0.0352705
540.876 0.0352181
541.689 0.0351660
542.501 0.0351142
543.313 0.0350627
544.124 0.0350115
544.934 0.0349607
545.744 0.0349101
546.553 0.0348598
547.361 0.0348098
548.169 0.0347601
548.976 0.0347107
549.783 0.0346615
550.589 0.0346126
551.395 0.0345639
552.200 0.0345155
553.004 0.0344674
553.808 0.0344196
554.611 0.0343720
555.414 0.0343246
556.216 0.0342775
557.018 0.0342305
557.819 0.0341839
558.619 0.0341375
559.419 0.0340914
560.218 0.0340455
561.017 0.0339997
561.815 0.0339543
562.613 0.0339090
563.410 0.0338640
564.207 0.0338193
565.003 0.0337747
565.799 0.0337304
566.594 0.0336863
567.388 0.0336425
568.182 0.0335988
568.976 0.0335554
569.769 0.0335123
570.562 0.0334693
571.354 0.0334266
572.145 0.0333841
572.936 0.0333419
573.727 0.0332999
574.517 0.0332581
575.307 0.0332165
576.096 0.0331753
576.885 0.0331342
577.673 0.0330933
578.461 0.0330527
579.248 0.0330124
580.035 0.0329723
580.821 0.0329324
581.607 0.0328928
582.392 0.0328534
583.177 0.0328142
583.962 0.0327753
584.746 0.0327366
585.529 0.0326981
586.313 0.0326599
587.095 0.0326219
587.878 0.0325841
588.660 0.0325466
589.441 0.0325093
590.222 0.0324722
591.003 0.0324353
591.783 0.0323987
592.563 0.0323622
593.342 0.0323260
594.121 0.0322900
594.899 0.0322542
595.678 0.0322185
596.455 0.0321832
597.233 0.0321479
598.009 0.0321129
598.786 0.0320780
599.562 0.0320433
600.338 0.0320088
601.113 0.0319745
601.888 0.0319403
602.663 0.0319063
603.437 0.0318724
604.211 0.0318387
604.984 0.0318051
605.757 0.0317717
606.530 0.0317384
607.302 0.0317052
608.074 0.0316721
608.845 0.0316392
609.616 0.0316064
610.387 0.0315737
611.158 0.0315411
611.928 0.0315086
612.697 0.0314763
613.467 0.0314440
614.236 0.0314118
615.004 0.0313797
615.773 0.0313477
616.541 0.0313158
617.308 0.0312840
618.076 0.0312522
618.843 0.0312205
619.609 0.0311890
620.375 0.0311575
621.141 0.0311261
621.907 0.0310947
622.672 0.0310635
623.437 0.0310323
624.202 0.0310012
624.966 0.0309702
625.730 0.0309393
626.493 0.0309085
627.257 0.0308777
628.020 0.0308471
628.782 0.0308166
629.545 0.0307861
630.307 0.0307557
631.068 0.0307255
631.830 0.0306954
632.591 0.0306653
633.352 0.0306354
634.112 0.0306056
634.872 0.0305760
635.632 0.0305464
636.392 0.0305170
637.151 0.0304877
637.910 0.0304585
638.668 0.0304295
639.427 0.0304007
640.185 0.0303719
640.943 0.0303434
641.700 0.0303150
642.457 0.0302868
643.214 0.0302587
643.971 0.0302307
644.727 0.0302030
645.483 0.0301754
646.239 0.0301480
646.994 0.0301209
647.750 0.0300938
648.505 0.0300669
649.259 0.0300403
650.014 0.0300138
650.768 0.0299875
651.521 0.0299615
652.275 0.0299355
653.028 0.0299098
653.781 0.0298843
654.534 0.0298590
655.286 0.0298339
656.039 0.0298089
656.791 0.0297841
657.542 0.0297596
658.294 0.0297351
659.045 0.0297109
659.796 0.0296869
660.546 0.0296631
661.297 0.0296394
662.047 0.0296159
662.796 0.0295926
663.546 0.0295694
664.295 0.0295464
665.044 0.0295235
665.793 0.0295008
666.542 0.0294782
667.290 0.0294558
668.038 0.0294335
668.786 0.0294113
669.533 0.0293893
670.281 0.0293674
671.028 0.0293456
671.774 0.0293239
672.521 0.0293023
673.267 0.0292807
674.013 0.0292593
674.759 0.0292379
675.505 0.0292167
676.250 0.0291954
676.995 0.0291743
677.740 0.0291532
678.484 0.0291321
679.229 0.0291111
679.973 0.0290901
680.717 0.0290692
681.460 0.0290482
682.204 0.0290273
682.947 0.0290064
683.690 0.0289855
684.433 0.0289646
685.175 0.0289437
685.917 0.0289228
686.659 0.0289019
687.401 0.0288809
688.142 0.0288599
688.884 0.0288389
689.625 0.0288179
690.365 0.0287969
691.106 0.0287758
691.846 0.0287546
692.586 0.0287335
693.326 0.0287123
694.066 0.0286910
694.805 0.0286697
695.545 0.0286484
696.284 0.0286270
697.022 0.0286056
697.761 0.0285841
698.499 0.0285626
699.237 0.0285410
699.975 0.0285194
700.713 0.0284978
701.450 0.0284761
702.187 0.0284544
702.924 0.0284327
703.661 0.0284109
704.397 0.0283891
705.133 0.0283673
705.869 0.0283455
706.605 0.0283236
707.341 0.0283018
708.076 0.0282799
708.811 0.0282581
709.546 0.0282362
710.281 0.0282144
711.015 0.0281926
711.749 0.0281708
712.483 0.0281491
713.217 0.0281273
713.950 0.0281057
714.684 0.0280840
715.417 0.0280625
716.150 0.0280410
716.882 0.0280195
717.615 0.0279982
718.347 0.0279769
719.079 0.0279557
719.811 0.0279346
720.542 0.0279136
721.273 0.0278927
722.005 0.0278719
722.735 0.0278513
723.466 0.0278308
724.196 0.0278104
724.927 0.0277902
725.656 0.0277701
726.386 0.0277501
727.116 0.0277304
727.845 0.0277107
728.574 0.0276913
729.303 0.0276720
730.031 0.0276529
730.760 0.0276340
731.488 0.0276153
732.216 0.0275968
732.944 0.0275784
733.671 0.0275603
734.398 0.0275423
735.125 0.0275246
735.852 0.0275071
736.579 0.0274898
737.305 0.0274727
738.031 0.0274558
738.757 0.0274391
739.483 0.0274226
740.208 0.0274064
740.933 0.0273903
741.658 0.0273745
742.383 0.0273589
743.108 0.0273435
743.832 0.0273283
744.556 0.0273134
745.280 0.0272986
746.004 0.0272841
746.727 0.0272697
747.450 0.0272556
748.173 0.0272416
748.896 0.0272279
749.618 0.0272143
750.340 0.0272009
751.062 0.0271877
751.784 0.0271747
752.506 0.0271619
753.227 0.0271492
753.948 0.0271367
754.669 0.0271243
755.389 0.0271121
756.110 0.0271000
756.830 0.0270881
757.550 0.0270763
758.269 0.0270646
758.989 0.0270530
759.708 0.0270416
760.427 0.0270303
761.146 0.0270190
761.864 0.0270078
762.582 0.0269968
763.300 0.0269857
764.018 0.0269748
764.736 0.0269639
765.453 0.0269530
766.170 0.0269422
766.887 0.0269315
767.603 0.0269207
768.320 0.0269100
769.036 0.0268993
769.751 0.0268886
770.467 0.0268778
771.182 0.0268671
771.897 0.0268563
772.612 0.0268456
773.327 0.0268347
774.041 0.0268239
774.755 0.0268129
775.469 0.0268020
776.183 0.0267909
776.896 0.0267798
777.609 0.0267686
778.322 0.0267574
779.035 0.0267460
779.747 0.0267345
780.459 0.0267230
781.171 0.0267113
781.882 0.0266995
782.594 0.0266876
783.305 0.0266756
784.016 0.0266635
784.726 0.0266512
785.436 0.0266388
786.147 0.0266263
786.856 0.0266136
787.566 0.0266008
788.275 0.0265878
788.984 0.0265747
789.693 0.0265615
790.401 0.0265481
791.110 0.0265345
791.818 0.0265208
792.525 0.0265069
793.233 0.0264929
793.940 0.0264787
794.647 0.0264644
795.353 0.0264499
796.060 0.0264352
796.766 0.0264204
797.472 0.0264055
798.177 0.0263904
798.883 0.0263751
799.588 0.0263597
800.292 0.0263442
800.997 0.0263285
801.701 0.0263127
802.405 0.0262968
803.109 0.0262807
803.812 0.0262645
804.515 0.0262482
805.218 0.0262318
805.921 0.0262152
806.623 0.0261986
807.325 0.0261818
808.027 0.0261650
808.728 0.0261481
809.429 0.0261310
810.130 0.0261139
810.831 0.0260967
811.531 0.0260795
812.231 0.0260622
812.931 0.0260448
813.630 0.0260274
814.330 0.0260099
815.029 0.0259925
815.727 0.0259750
816.426 0.0259574
817.124 0.0259399
817.821 0.0259224
818.519 0.0259048
819.216 0.0258873
819.913 0.0258697
820.609 0.0258523
821.306 0.0258348
822.002 0.0258174
822.697 0.0258000
823.393 0.0257827
824.088 0.0257654
824.783 0.0257483
825.477 0.0257312
826.171 0.0257141
826.865 0.0256972
827.559 0.0256804
828.252 0.0256637
828.945 0.0256470
829.638 0.0256306
830.330 0.0256142
831.023 0.0255980
831.714 0.0255819
832.406 0.0255659
833.097 0.0255502
833.788 0.0255345
834.479 0.0255191
835.169 0.0255038
835.859 0.0254887
836.548 0.0254738
837.238 0.0254590
837.927 0.0254445
838.615 0.0254302
839.304 0.0254160
839.992 0.0254021
840.680 0.0253884
841.367 0.0253749
842.054 0.0253616
842.741 0.0253486
843.428 0.0253357
844.114 0.0253232
844.800 0.0253108
845.485 0.0252987
846.170 0.0252868
846.855 0.0252752
847.540 0.0252638
848.224 0.0252526
848.908 0.0252418
849.592 0.0252311
850.275 0.0252207
850.958 0.0252106
851.641 0.0252007
852.323 0.0251910
853.005 0.0251817
853.687 0.0251725
854.368 0.0251636
855.049 0.0251550
855.730 0.0251466
856.410 0.0251385
857.090 0.0251306
857.769 0.0251230
858.449 0.0251156
859.128 0.0251084
859.806 0.0251015
860.485 0.0250949
861.163 0.0250884
861.840 0.0250822
862.518 0.0250763
863.195 0.0250705
863.871 0.0250650
864.548 0.0250597
865.224 0.0250546
865.899 0.0250497
866.574 0.0250450
867.249 0.0250406
867.924 0.0250363
868.598 0.0250322
869.272 0.0250283
869.946 0.0250246
870.619 0.0250211
871.292 0.0250177
871.964 0.0250145
872.636 0.0250115
873.308 0.0250086
873.979 0.0250059
874.651 0.0250033
875.321 0.0250008
875.992 0.0249985
876.662 0.0249963
877.331 0.0249942
878.001 0.0249923
878.670 0.0249904
879.338 0.0249886
880.007 0.0249870
880.675 0.0249854
881.342 0.0249838
882.009 0.0249824
882.676 0.0249810
883.343 0.0249797
884.009 0.0249784
884.675 0.0249772
885.340 0.0249760
886.005 0.0249748
886.670 0.0249737
887.334 0.0249726
887.998 0.0249715
888.662 0.0249704
889.325 0.0249692
889.988 0.0249681
890.650 0.0249670
891.312 0.0249658
891.974 0.0249646
892.636 0.0249633
893.297 0.0249620
893.957 0.0249607
894.618 0.0249593
895.278 0.0249578
895.937 0.0249563
896.596 0.0249547
897.255 0.0249530
897.914 0.0249512
898.572 0.0249494
899.230 0.0249474
899.887 0.0249453
900.544 0.0249431
901.201 0.0249408
901.857 0.0249384
902.513 0.0249359
903.168 0.0249332
903.823 0.0249304
904.478 0.0249274
905.132 0.0249243
905.786 0.0249210
906.440 0.0249176
907.093 0.0249141
907.746 0.0249103
908.399 0.0249065
909.051 0.0249024
909.703 0.0248982
910.354 0.0248937
911.005 0.0248892
911.656 0.0248844
912.306 0.0248794
912.956 0.0248743
913.605 0.0248689
914.254 0.0248634
914.903 0.0248577
915.551 0.0248518
916.199 0.0248457
916.847 0.0248393
917.494 0.0248328
918.141 0.0248261
918.788 0.0248192
919.434 0.0248120
920.079 0.0248047
920.725 0.0247971
921.370 0.0247894
922.014 0.0247814
922.658 0.0247733
923.302 0.0247649
923.946 0.0247563
924.589 0.0247475
925.231 0.0247385
925.873 0.0247293
926.515 0.0247199
927.157 0.0247103
927.798 0.0247004
928.439 0.0246904
929.079 0.0246802
929.719 0.0246698
930.359 0.0246592
930.998 0.0246484
931.637 0.0246373
932.275 0.0246262
932.913 0.0246148
933.551 0.0246032
934.188 0.0245914
934.825 0.0245795
935.462 0.0245674
936.098 0.0245551
936.733 0.0245426
937.369 0.0245300
938.004 0.0245172
938.638 0.0245042
939.273 0.0244911
939.907 0.0244778
940.540 0.0244644
941.173 0.0244508
941.806 0.0244371
942.438 0.0244232
943.070 0.0244092
943.702 0.0243951
944.333 0.0243808
944.964 0.0243664
945.594 0.0243520
946.224 0.0243373
946.854 0.0243226
947.483 0.0243078
948.112 0.0242928
948.741 0.0242778
949.369 0.0242627
949.996 0.0242475
950.624 0.0242322
951.251 0.0242168
951.878 0.0242014
952.504 0.0241859
953.130 0.0241703
953.755 0.0241547
954.380 0.0241390
955.005 0.0241233
955.629 0.0241075
956.253 0.0240917
956.877 0.0240759
957.500 0.0240601
958.123 0.0240442
958.746 0.0240283
959.368 0.0240124
959.990 0.0239965
960.611 0.0239825
961.232 0.0239686
961.853 0.0239546
962.473 0.0239407
963.093 0.0239268
963.712 0.0239129
964.331 0.0238990
964.950 0.0238852
965.569 0.0238714
966.187 0.0238576
966.804 0.0238439
967.422 0.0238302
968.039 0.0238165
968.655 0.0238030
969.272 0.0237895
969.887 0.0237760
970.503 0.0237627
971.118 0.0237494
971.733 0.0237362
972.347 0.0237230
972.961 0.0237100
973.575 0.0236971
974.188 0.0236842
974.801 0.0236715
975.414 0.0236589
976.026 0.0236464
976.638 0.0236340
977.250 0.0236217
977.861 0.0236095
978.472 0.0235975
979.083 0.0235856
979.693 0.0235739
980.303 0.0235622
980.912 0.0235508
981.521 0.0235395
982.130 0.0235283
982.738 0.0235173
983.346 0.0235064
983.954 0.0234957
984.562 0.0234852
985.169 0.0234748
985.775 0.0234646
986.382 0.0234546
986.988 0.0234448
987.594 0.0234351
988.199 0.0234256
988.804 0.0234163
989.409 0.0234072
990.013 0.0233983
990.617 0.0233895
991.221 0.0233810
991.824 0.0233727
992.427 0.0233645
993.030 0.0233565
993.632 0.0233488
994.234 0.0233413
994.836 0.0233339
995.438 0.0233268
996.039 0.0233198
996.640 0.0233131
997.240 0.0233066
997.840 0.0233003
998.440 0.0232942
999.040 0.0232883
999.639 0.0232827
1000.238 0.0232766
1000.836 0.0232697
1001.435 0.0232630
1002.033 0.0232566
1002.630 0.0232504
1003.228 0.0232444
1003.825 0.0232386
1004.422 0.0232330
1005.018 0.0232277
1005.614 0.0232226
1006.210 0.0232177
1006.806 0.0232131
1007.401 0.0232086
1007.996 0.0232044
1008.591 0.0232004
1009.186 0.0231966
1009.780 0.0231931
1010.374 0.0231898
1010.967 0.0231867
1011.561 0.0231838
1012.154 0.0231811
1012.746 0.0231786
1013.339 0.0231764
1013.931 0.0231743
1014.523 0.0231725
1015.115 0.0231709
1015.706 0.0231695
1016.298 0.0231683
1016.888 0.0231673
1017.479 0.0231665
1018.069 0.0231660
1018.660 0.0231656
1019.250 0.0231654
1019.839 0.0231654
1020.429 0.0231656
1021.018 0.0231660
1021.607 0.0231666
1022.195 0.0231674
1022.784 0.0231683
1023.372 0.0231695
1023.960 0.0231708
1024.547 0.0231723
1025.135 0.0231740
1025.722 0.0231758
1026.309 0.0231778
1026.896 0.0231800
1027.483 0.0231824
1028.069 0.0231849
1028.655 0.0231875
1029.241 0.0231904
1029.827 0.0231934
1030.412 0.0231965
1030.997 0.0231998
1031.582 0.0232032
1032.167 0.0232067
1032.752 0.0232104
1033.336 0.0232143
1033.921 0.0232182
1034.505 0.0232223
1035.089 0.0232265
1035.672 0.0232309
1036.256 0.0232353
1036.839 0.0232399
1037.422 0.0232446
1038.005 0.0232493
1038.588 0.0232542
1039.171 0.0232592
1039.753 0.0232643
1040.335 0.0232695
1040.918 0.0232748
1041.500 0.0232801
1042.081 0.0232855
1042.663 0.0232911
1043.244 0.0232966
1043.826 0.0233023
1044.407 0.0233080
1044.988 0.0233138
1045.569 0.0233197
1046.150 0.0233256
1046.730 0.0233316
1047.311 0.0233376
1047.891 0.0233436
1048.471 0.0233497
1049.052 0.0233559
1049.632 0.0233620
1050.211 0.0233682
1050.791 0.0233745
1051.371 0.0233807
1051.950 0.0233870
1052.530 0.0233933
1053.109 0.0233996
1053.688 0.0234059
1054.268 0.0234122
1054.847 0.0234185
1055.426 0.0234248
1056.005 0.0234311
1056.583 0.0234374
1057.162 0.0234437
1057.741 0.0234499
1058.319 0.0234562
1058.898 0.0234624
1059.476 0.0234686
1060.055 0.0234747
1060.633 0.0234808
1061.211 0.0234869
1061.790 0.0234930
1062.368 0.0234990
1062.946 0.0235049
1063.524 0.0235108
1064.102 0.0235166
1064.680 0.0235224
1065.258 0.0235281
1065.836 0.0235337
1066.414 0.0235393
1066.992 0.0235448
1067.570 0.0235502
1068.148 0.0235556
1068.726 0.0235608
1069.304 0.0235660
1069.882 0.0235711
1070.460 0.0235761
1071.038 0.0235810
1071.616 0.0235858
1072.194 0.0235905
1072.772 0.0235951
1073.350 0.0235996
1073.928 0.0236040
1074.506 0.0236082
1075.084 0.0236124
1075.662 0.0236164
1076.240 0.0236203
1076.819 0.0236241
1077.397 0.0236277
1077.976 0.0236313
1078.554 0.0236347
1079.133 0.0236379
1079.711 0.0236410
1080.290 0.0236440
1080.869 0.0236469
1081.448 0.0236496
1082.027 0.0236521
1082.606 0.0236545
1083.185 0.0236567
1083.764 0.0236588
1084.343 0.0236608
1084.923 0.0236626
1085.502 0.0236642
1086.082 0.0236656
1086.662 0.0236669
1087.242 0.0236680
1087.822 0.0236690
1088.402 0.0236698
1088.983 0.0236704
1089.563 0.0236708
1090.144 0.0236711
1090.725 0.0236712
1091.306 0.0236711
1091.887 0.0236708
1092.469 0.0236704
1093.050 0.0236697
1093.632 0.0236689
1094.214 0.0236679
1094.796 0.0236667
1095.379 0.0236653
1095.961 0.0236638
1096.544 0.0236620
1097.127 0.0236600
1097.710 0.0236579
1098.294 0.0236555
1098.877 0.0236530
1099.461 0.0236503
1100.046 0.0236473
1100.630 0.0236442
1101.215 0.0236409
1101.800 0.0236373
1102.385 0.0236336
1102.970 0.0236297
1103.556 0.0236255
1104.142 0.0236212
1104.728 0.0236167
1105.315 0.0236119
1105.902 0.0236070
1106.489 0.0236018
1107.077 0.0235965
1107.664 0.0235909
1108.253 0.0235851
1108.841 0.0235792
1109.430 0.0235730
1110.019 0.0235666
1110.609 0.0235600
1111.198 0.0235532
1111.789 0.0235462
1112.379 0.0235390
1112.970 0.0235316
1113.561 0.0235240
1114.153 0.0235162
1114.745 0.0235082
1115.338 0.0235000
1115.931 0.0234916
1116.524 0.0234829
1117.117 0.0234741
1117.712 0.0234651
1118.306 0.0234559
1118.901 0.0234465
1119.496 0.0234368
1120.092 0.0234270
1120.689 0.0234170
1121.285 0.0234068
1121.882 0.0233964
1122.480 0.0233858
1123.078 0.0233750
1123.677 0.0233640
1124.276 0.0233528
1124.875 0.0233415
1125.476 0.0233299
1126.076 0.0233182
1126.677 0.0233063
1127.279 0.0232942
1127.881 0.0232819
1128.484 0.0232694
1129.087 0.0232567
1129.691 0.0232439
1130.295 0.0232309
1130.900 0.0232177
1131.505 0.0232044
1132.111 0.0231909
1132.718 0.0231772
1133.325 0.0231633
1133.933 0.0231493
1134.541 0.0231351
1135.150 0.0231208
1135.760 0.0231063
1136.370 0.0230916
1136.981 0.0230768
1137.592 0.0230618
1138.204 0.0230467
1138.817 0.0230315
1139.431 0.0230160
1140.045 0.0230005
1140.660 0.0229848
1141.275 0.0229690
1141.891 0.0229530
1142.508 0.0229369
1143.126 0.0229207
1143.744 0.0229043
1144.363 0.0228878
1144.983 0.0228712
