432.689 0.0421465
433.621 0.0420244
434.552 0.0419035
435.482 0.0417839
436.410 0.0416655
437.337 0.0415483
438.262 0.0414324
439.187 0.0413175
440.110 0.0412039
441.031 0.0410914
441.952 0.0409799
442.871 0.0408696
443.789 0.0407604
444.705 0.0406523
445.621 0.0405452
446.535 0.0404391
447.447 0.0403342
448.359 0.0402301
449.269 0.0401272
450.178 0.0400251
451.086 0.0399241
451.993 0.0398239
452.898 0.0397248
453.803 0.0396265
454.706 0.0395292
455.608 0.0394328
456.508 0.0393374
457.408 0.0392427
458.306 0.0391489
459.204 0.0390559
460.100 0.0389639
460.995 0.0388726
461.888 0.0387823
462.781 0.0386926
463.673 0.0386038
464.563 0.0385158
465.452 0.0384285
466.340 0.0383420
467.228 0.0382562
468.114 0.0381712
468.999 0.0380869
469.882 0.0380034
470.765 0.0379205
471.647 0.0378383
472.528 0.0377568
473.407 0.0376761
474.286 0.0375960
475.163 0.0375166
476.040 0.0374378
476.915 0.0373597
477.790 0.0372822
478.663 0.0372054
479.535 0.0371292
480.407 0.0370536
481.277 0.0369786
482.147 0.0369043
483.015 0.0368306
483.883 0.0367574
484.749 0.0366848
485.615 0.0366128
486.479 0.0365415
487.343 0.0364706
488.206 0.0364004
489.067 0.0363307
489.928 0.0362615
490.788 0.0361929
491.647 0.0361248
492.505 0.0360573
493.362 0.0359902
494.218 0.0359237
495.073 0.0358577
495.928 0.0357921
496.781 0.0357271
497.634 0.0356624
498.486 0.0355983
499.337 0.0355346
500.187 0.0354715
501.036 0.0354087
501.884 0.0353465
502.731 0.0352846
503.578 0.0352232
504.424 0.0351622
505.268 0.0351017
506.113 0.0350416
506.956 0.0349819
507.798 0.0349226
508.640 0.0348637
509.480 0.0348054
510.320 0.0347473
511.160 0.0346897
511.998 0.0346325
512.836 0.0345757
513.672 0.0345193
514.508 0.0344633
515.344 0.0344077
516.178 0.0343525
517.012 0.0342977
517.845 0.0342433
518.677 0.0341893
519.508 0.0341357
520.339 0.0340824
521.169 0.0340295
521.998 0.0339770
522.826 0.0339249
523.654 0.0338731
524.481 0.0338216
525.307 0.0337706
526.133 0.0337198
526.958 0.0336694
527.782 0.0336193
528.605 0.0335696
529.428 0.0335201
530.250 0.0334710
531.072 0.0334221
531.892 0.0333736
532.712 0.0333254
533.532 0.0332774
534.350 0.0332297
535.168 0.0331823
535.986 0.0331351
536.802 0.0330883
537.618 0.0330417
538.434 0.0329953
539.249 0.0329492
540.063 0.0329034
540.876 0.0328578
541.689 0.0328125
542.501 0.0327674
543.313 0.0327226
544.124 0.0326780
544.934 0.0326337
545.744 0.0325897
546.553 0.0325459
547.361 0.0325024
548.169 0.0324592
548.976 0.0324162
549.783 0.0323734
550.589 0.0323310
551.395 0.0322888
552.200 0.0322469
553.004 0.0322053
553.808 0.0321639
554.611 0.0321229
555.414 0.0320821
556.216 0.0320416
557.018 0.0320013
557.819 0.0319613
558.619 0.0319216
559.419 0.0318822
560.218 0.0318430
561.017 0.0318041
561.815 0.0317654
562.613 0.0317270
563.410 0.0316889
564.207 0.0316509
565.003 0.0316132
565.799 0.0315757
566.594 0.0315385
567.388 0.0315014
568.182 0.0314646
568.976 0.0314279
569.769 0.0313914
570.562 0.0313551
571.354 0.0313190
572.145 0.0312830
572.936 0.0312472
573.727 0.0312115
574.517 0.0311760
575.307 0.0311406
576.096 0.0311054
576.885 0.0310703
577.673 0.0310353
578.461 0.0310004
579.248 0.0309657
580.035 0.0309310
580.821 0.0308965
581.607 0.0308622
582.392 0.0308279
583.177 0.0307938
583.962 0.0307598
584.746 0.0307259
585.529 0.0306922
586.313 0.0306586
587.095 0.0306251
587.878 0.0305918
588.660 0.0305587
589.441 0.0305257
590.222 0.0304929
591.003 0.0304602
591.783 0.0304278
592.563 0.0303955
593.342 0.0303634
594.121 0.0303315
594.899 0.0302999
595.678 0.0302684
596.455 0.0302371
597.233 0.0302061
598.009 0.0301753
598.786 0.0301447
599.562 0.0301143
600.338 0.0300842
601.113 0.0300543
601.888 0.0300246
602.663 0.0299951
603.437 0.0299659
604.211 0.0299369
604.984 0.0299082
605.757 0.0298796
606.530 0.0298512
607.302 0.0298231
608.074 0.0297951
608.845 0.0297674
609.616 0.0297398
610.387 0.0297124
611.158 0.0296851
611.928 0.0296580
612.697 0.0296310
613.467 0.0296042
614.236 0.0295775
615.004 0.0295509
615.773 0.0295244
616.541 0.0294980
617.308 0.0294717
618.076 0.0294454
618.843 0.0294192
619.609 0.0293931
620.375 0.0293670
621.141 0.0293409
621.907 0.0293149
622.672 0.0292889
623.437 0.0292629
624.202 0.0292369
624.966 0.0292109
625.730 0.0291849
626.493 0.0291590
627.257 0.0291330
628.020 0.0291070
628.782 0.0290810
629.545 0.0290550
630.307 0.0290291
631.068 0.0290031
631.830 0.0289772
632.591 0.0289513
633.352 0.0289253
634.112 0.0288995
634.872 0.0288737
635.632 0.0288479
636.392 0.0288222
637.151 0.0287965
637.910 0.0287709
638.668 0.0287455
639.427 0.0287201
640.185 0.0286948
640.943 0.0286696
641.700 0.0286446
642.457 0.0286198
643.214 0.0285950
643.971 0.0285705
644.727 0.0285461
645.483 0.0285219
646.239 0.0284979
646.994 0.0284741
647.750 0.0284505
648.505 0.0284271
649.259 0.0284040
650.014 0.0283810
650.768 0.0283584
651.521 0.0283359
652.275 0.0283137
653.028 0.0282917
653.781 0.0282700
654.534 0.0282485
655.286 0.0282273
656.039 0.0282063
656.791 0.0281855
657.542 0.0281650
658.294 0.0281446
659.045 0.0281245
659.796 0.0281046
660.546 0.0280849
661.297 0.0280654
662.047 0.0280461
662.796 0.0280270
663.546 0.0280080
664.295 0.0279891
665.044 0.0279704
665.793 0.0279518
666.542 0.0279333
667.290 0.0279149
668.038 0.0278966
668.786 0.0278784
669.533 0.0278602
670.281 0.0278420
671.028 0.0278238
671.774 0.0278057
672.521 0.0277875
673.267 0.0277694
674.013 0.0277512
674.759 0.0277329
675.505 0.0277146
676.250 0.0276963
676.995 0.0276778
677.740 0.0276593
678.484 0.0276407
679.229 0.0276219
679.973 0.0276031
680.717 0.0275841
681.460 0.0275651
682.204 0.0275459
682.947 0.0275266
683.690 0.0275072
684.433 0.0274876
685.175 0.0274679
685.917 0.0274481
686.659 0.0274282
687.401 0.0274082
688.142 0.0273881
688.884 0.0273678
689.625 0.0273475
690.365 0.0273271
691.106 0.0273066
691.846 0.0272861
692.586 0.0272655
693.326 0.0272449
694.066 0.0272242
694.805 0.0272035
695.545 0.0271828
696.284 0.0271622
697.022 0.0271416
697.761 0.0271210
698.499 0.0271005
699.237 0.0270800
699.975 0.0270597
700.713 0.0270394
701.450 0.0270193
702.187 0.0269993
702.924 0.0269795
703.661 0.0269598
704.397 0.0269403
705.133 0.0269210
705.869 0.0269020
706.605 0.0268831
707.341 0.0268645
708.076 0.0268461
708.811 0.0268280
709.546 0.0268101
710.281 0.0267925
711.015 0.0267752
711.749 0.0267582
712.483 0.0267414
713.217 0.0267250
713.950 0.0267088
714.684 0.0266930
715.417 0.0266774
716.150 0.0266622
716.882 0.0266473
717.615 0.0266326
718.347 0.0266183
719.079 0.0266042
719.811 0.0265905
720.542 0.0265770
721.273 0.0265638
722.005 0.0265508
722.735 0.0265381
723.466 0.0265256
724.196 0.0265134
724.927 0.0265014
725.656 0.0264896
726.386 0.0264779
727.116 0.0264665
727.845 0.0264552
728.574 0.0264440
729.303 0.0264330
730.031 0.0264221
730.760 0.0264112
731.488 0.0264005
732.216 0.0263898
732.944 0.0263791
733.671 0.0263685
734.398 0.0263578
735.125 0.0263472
735.852 0.0263365
736.579 0.0263258
737.305 0.0263150
738.031 0.0263041
738.757 0.0262932
739.483 0.0262821
740.208 0.0262709
740.933 0.0262595
741.658 0.0262480
742.383 0.0262363
743.108 0.0262245
743.832 0.0262124
744.556 0.0262001
745.280 0.0261877
746.004 0.0261750
746.727 0.0261621
747.450 0.0261489
748.173 0.0261355
748.896 0.0261218
749.618 0.0261080
750.340 0.0260938
751.062 0.0260794
751.784 0.0260648
752.506 0.0260499
753.227 0.0260347
753.948 0.0260193
754.669 0.0260037
755.389 0.0259878
756.110 0.0259717
756.830 0.0259554
757.550 0.0259389
758.269 0.0259222
758.989 0.0259052
759.708 0.0258881
760.427 0.0258709
761.146 0.0258534
761.864 0.0258359
762.582 0.0258182
763.300 0.0258003
764.018 0.0257824
764.736 0.0257644
765.453 0.0257464
766.170 0.0257283
766.887 0.0257101
767.603 0.0256920
768.320 0.0256738
769.036 0.0256557
769.751 0.0256377
770.467 0.0256196
771.182 0.0256017
771.897 0.0255839
772.612 0.0255662
773.327 0.0255486
774.041 0.0255311
774.755 0.0255139
775.469 0.0254968
776.183 0.0254799
776.896 0.0254632
777.609 0.0254468
778.322 0.0254306
779.035 0.0254147
779.747 0.0253991
780.459 0.0253838
781.171 0.0253687
781.882 0.0253540
782.594 0.0253396
783.305 0.0253255
784.016 0.0253118
784.726 0.0252985
785.436 0.0252855
786.147 0.0252728
786.856 0.0252606
787.566 0.0252487
788.275 0.0252372
788.984 0.0252260
789.693 0.0252153
790.401 0.0252049
791.110 0.0251950
791.818 0.0251854
792.525 0.0251761
793.233 0.0251673
793.940 0.0251588
794.647 0.0251507
795.353 0.0251429
796.060 0.0251355
796.766 0.0251284
797.472 0.0251217
798.177 0.0251153
798.883 0.0251092
799.588 0.0251034
800.292 0.0250978
800.997 0.0250926
801.701 0.0250876
802.405 0.0250828
803.109 0.0250783
803.812 0.0250739
804.515 0.0250698
805.218 0.0250659
805.921 0.0250621
806.623 0.0250584
807.325 0.0250549
808.027 0.0250515
808.728 0.0250482
809.429 0.0250449
810.130 0.0250417
810.831 0.0250385
811.531 0.0250354
812.231 0.0250322
812.931 0.0250290
813.630 0.0250258
814.330 0.0250225
815.029 0.0250191
815.727 0.0250157
816.426 0.0250121
817.124 0.0250084
817.821 0.0250045
818.519 0.0250005
819.216 0.0249963
819.913 0.0249919
820.609 0.0249872
821.306 0.0249824
822.002 0.0249773
822.697 0.0249720
823.393 0.0249664
824.088 0.0249605
824.783 0.0249543
825.477 0.0249478
826.171 0.0249411
826.865 0.0249340
827.559 0.0249265
828.252 0.0249188
828.945 0.0249107
829.638 0.0249023
830.330 0.0248935
831.023 0.0248843
831.714 0.0248749
832.406 0.0248650
833.097 0.0248548
833.788 0.0248442
834.479 0.0248333
835.169 0.0248220
835.859 0.0248104
836.548 0.0247984
837.238 0.0247861
837.927 0.0247734
838.615 0.0247604
839.304 0.0247470
839.992 0.0247334
840.680 0.0247194
841.367 0.0247051
842.054 0.0246905
842.741 0.0246757
843.428 0.0246605
844.114 0.0246451
844.800 0.0246295
845.485 0.0246136
846.170 0.0245975
846.855 0.0245811
847.540 0.0245646
848.224 0.0245479
848.908 0.0245310
849.592 0.0245140
850.275 0.0244968
850.958 0.0244795
851.641 0.0244621
852.323 0.0244446
853.005 0.0244271
853.687 0.0244095
854.368 0.0243919
855.049 0.0243742
855.730 0.0243565
856.410 0.0243389
857.090 0.0243213
857.769 0.0243038
858.449 0.0242863
859.128 0.0242689
859.806 0.0242516
860.485 0.0242345
861.163 0.0242174
861.840 0.0242006
862.518 0.0241839
863.195 0.0241674
863.871 0.0241511
864.548 0.0241350
865.224 0.0241191
865.899 0.0241035
866.574 0.0240882
867.249 0.0240732
867.924 0.0240584
868.598 0.0240439
869.272 0.0240298
869.946 0.0240159
870.619 0.0240025
871.292 0.0239893
871.964 0.0239766
872.636 0.0239642
873.308 0.0239522
873.979 0.0239405
874.651 0.0239293
875.321 0.0239184
875.992 0.0239080
876.662 0.0238980
877.331 0.0238884
878.001 0.0238792
878.670 0.0238704
879.338 0.0238621
880.007 0.0238542
880.675 0.0238467
881.342 0.0238397
882.009 0.0238331
882.676 0.0238269
883.343 0.0238211
884.009 0.0238158
884.675 0.0238109
885.340 0.0238065
886.005 0.0238024
886.670 0.0237988
887.334 0.0237955
887.998 0.0237927
888.662 0.0237903
889.325 0.0237882
889.988 0.0237865
890.650 0.0237852
891.312 0.0237843
891.974 0.0237837
892.636 0.0237835
893.297 0.0237836
893.957 0.0237840
894.618 0.0237847
895.278 0.0237857
895.937 0.0237871
896.596 0.0237887
897.255 0.0237905
897.914 0.0237926
898.572 0.0237950
899.230 0.0237975
899.887 0.0238003
900.544 0.0238032
901.201 0.0238064
901.857 0.0238097
902.513 0.0238131
903.168 0.0238167
903.823 0.0238204
904.478 0.0238243
905.132 0.0238281
905.786 0.0238321
906.440 0.0238361
907.093 0.0238402
907.746 0.0238443
908.399 0.0238484
909.051 0.0238525
909.703 0.0238566
910.354 0.0238606
911.005 0.0238646
911.656 0.0238685
912.306 0.0238724
912.956 0.0238761
913.605 0.0238797
914.254 0.0238832
914.903 0.0238866
915.551 0.0238898
916.199 0.0238929
916.847 0.0238957
917.494 0.0238984
918.141 0.0239008
918.788 0.0239031
919.434 0.0239051
920.079 0.0239069
920.725 0.0239084
921.370 0.0239096
922.014 0.0239106
922.658 0.0239113
923.302 0.0239117
923.946 0.0239117
924.589 0.0239115
925.231 0.0239110
925.873 0.0239101
926.515 0.0239089
927.157 0.0239073
927.798 0.0239054
928.439 0.0239031
929.079 0.0239005
929.719 0.0238975
930.359 0.0238941
930.998 0.0238903
931.637 0.0238862
932.275 0.0238817
932.913 0.0238768
933.551 0.0238715
934.188 0.0238658
934.825 0.0238597
935.462 0.0238532
936.098 0.0238464
936.733 0.0238391
937.369 0.0238315
938.004 0.0238235
938.638 0.0238151
939.273 0.0238062
939.907 0.0237971
940.540 0.0237875
941.173 0.0237776
941.806 0.0237672
942.438 0.0237566
943.070 0.0237455
943.702 0.0237341
944.333 0.0237224
944.964 0.0237103
945.594 0.0236979
946.224 0.0236851
946.854 0.0236720
947.483 0.0236586
948.112 0.0236449
948.741 0.0236309
949.369 0.0236166
949.996 0.0236020
950.624 0.0235871
951.251 0.0235720
951.878 0.0235566
952.504 0.0235410
953.130 0.0235252
953.755 0.0235091
954.380 0.0234928
955.005 0.0234763
955.629 0.0234597
956.253 0.0234428
956.877 0.0234258
957.500 0.0234086
958.123 0.0233913
958.746 0.0233738
959.368 0.0233562
959.990 0.0233386
960.611 0.0233224
961.232 0.0233062
961.853 0.0232900
962.473 0.0232736
963.093 0.0232572
963.712 0.0232408
964.331 0.0232244
964.950 0.0232079
965.569 0.0231914
966.187 0.0231750
966.804 0.0231586
967.422 0.0231422
968.039 0.0231258
968.655 0.0231095
969.272 0.0230933
969.887 0.0230772
970.503 0.0230611
971.118 0.0230452
971.733 0.0230294
972.347 0.0230137
972.961 0.0229982
973.575 0.0229828
974.188 0.0229676
974.801 0.0229525
975.414 0.0229377
976.026 0.0229230
976.638 0.0229085
977.250 0.0228943
977.861 0.0228803
978.472 0.0228665
979.083 0.0228530
979.693 0.0228397
980.303 0.0228267
980.912 0.0228139
981.521 0.0228015
982.130 0.0227893
982.738 0.0227774
983.346 0.0227658
983.954 0.0227545
984.562 0.0227436
985.169 0.0227329
985.775 0.0227227
986.382 0.0227127
986.988 0.0227031
987.594 0.0226938
988.199 0.0226849
988.804 0.0226763
989.409 0.0226681
990.013 0.0226602
990.617 0.0226528
991.221 0.0226457
991.824 0.0226389
992.427 0.0226326
993.030 0.0226266
993.632 0.0226211
994.234 0.0226159
994.836 0.0226111
995.438 0.0226066
996.039 0.0226026
996.640 0.0225990
997.240 0.0225957
997.840 0.0225928
998.440 0.0225904
999.040 0.0225883
999.639 0.0225866
1000.238 0.0225847
1000.836 0.0225824
1001.435 0.0225805
1002.033 0.0225790
1002.630 0.0225778
1003.228 0.0225771
1003.825 0.0225767
1004.422 0.0225767
1005.018 0.0225770
1005.614 0.0225778
1006.210 0.0225789
1006.806 0.0225803
1007.401 0.0225821
1007.996 0.0225843
1008.591 0.0225868
1009.186 0.0225896
1009.780 0.0225928
1010.374 0.0225963
1010.967 0.0226001
1011.561 0.0226042
1012.154 0.0226087
1012.746 0.0226134
1013.339 0.0226185
1013.931 0.0226238
1014.523 0.0226294
1015.115 0.0226353
1015.706 0.0226414
1016.298 0.0226478
1016.888 0.0226544
1017.479 0.0226613
1018.069 0.0226684
1018.660 0.0226758
1019.250 0.0226834
1019.839 0.0226911
1020.429 0.0226991
1021.018 0.0227072
1021.607 0.0227156
1022.195 0.0227240
1022.784 0.0227327
1023.372 0.0227415
1023.960 0.0227505
1024.547 0.0227596
1025.135 0.0227688
1025.722 0.0227781
1026.309 0.0227875
1026.896 0.0227971
1027.483 0.0228067
1028.069 0.0228164
1028.655 0.0228261
1029.241 0.0228359
1029.827 0.0228458
1030.412 0.0228556
1030.997 0.0228656
1031.582 0.0228755
1032.167 0.0228854
1032.752 0.0228954
1033.336 0.0229053
1033.921 0.0229152
1034.505 0.0229251
1035.089 0.0229349
1035.672 0.0229447
1036.256 0.0229544
1036.839 0.0229641
1037.422 0.0229736
1038.005 0.0229831
1038.588 0.0229925
1039.171 0.0230018
1039.753 0.0230110
1040.335 0.0230200
1040.918 0.0230289
1041.500 0.0230377
1042.081 0.0230463
1042.663 0.0230548
1043.244 0.0230631
1043.826 0.0230713
1044.407 0.0230792
1044.988 0.0230870
1045.569 0.0230945
1046.150 0.0231019
1046.730 0.0231090
1047.311 0.0231160
1047.891 0.0231227
1048.471 0.0231291
1049.052 0.0231354
1049.632 0.0231414
1050.211 0.0231471
1050.791 0.0231526
1051.371 0.0231578
1051.950 0.0231627
1052.530 0.0231674
1053.109 0.0231718
1053.688 0.0231758
1054.268 0.0231796
1054.847 0.0231831
1055.426 0.0231863
1056.005 0.0231892
1056.583 0.0231918
1057.162 0.0231940
1057.741 0.0231960
1058.319 0.0231976
1058.898 0.0231989
1059.476 0.0231998
1060.055 0.0232005
1060.633 0.0232007
1061.211 0.0232007
1061.790 0.0232003
1062.368 0.0231995
1062.946 0.0231984
1063.524 0.0231970
1064.102 0.0231952
1064.680 0.0231931
1065.258 0.0231905
1065.836 0.0231877
1066.414 0.0231845
1066.992 0.0231809
1067.570 0.0231770
1068.148 0.0231727
1068.726 0.0231680
1069.304 0.0231630
1069.882 0.0231576
1070.460 0.0231519
1071.038 0.0231458
1071.616 0.0231394
1072.194 0.0231326
1072.772 0.0231254
1073.350 0.0231179
1073.928 0.0231100
1074.506 0.0231018
1075.084 0.0230933
1075.662 0.0230844
1076.240 0.0230751
1076.819 0.0230655
1077.397 0.0230556
1077.976 0.0230453
1078.554 0.0230347
1079.133 0.0230238
1079.711 0.0230125
1080.290 0.0230009
1080.869 0.0229890
1081.448 0.0229768
1082.027 0.0229643
1082.606 0.0229514
1083.185 0.0229383
1083.764 0.0229249
1084.343 0.0229111
1084.923 0.0228971
1085.502 0.0228828
1086.082 0.0228682
1086.662 0.0228534
1087.242 0.0228383
1087.822 0.0228229
1088.402 0.0228072
1088.983 0.0227913
1089.563 0.0227752
1090.144 0.0227588
1090.725 0.0227422
1091.306 0.0227254
1091.887 0.0227083
1092.469 0.0226911
1093.050 0.0226736
1093.632 0.0226559
1094.214 0.0226381
1094.796 0.0226200
1095.379 0.0226018
1095.961 0.0225834
1096.544 0.0225648
1097.127 0.0225461
1097.710 0.0225272
1098.294 0.0225082
1098.877 0.0224891
1099.461 0.0224698
1100.046 0.0224504
1100.630 0.0224309
1101.215 0.0224112
1101.800 0.0223915
1102.385 0.0223718
1102.970 0.0223519
1103.556 0.0223319
1104.142 0.0223119
1104.728 0.0222919
1105.315 0.0222718
1105.902 0.0222516
1106.489 0.0222314
1107.077 0.0222112
1107.664 0.0221910
1108.253 0.0221708
1108.841 0.0221506
1109.430 0.0221304
1110.019 0.0221102
1110.609 0.0220900
1111.198 0.0220700
1111.789 0.0220498
1112.379 0.0220298
1112.970 0.0220099
1113.561 0.0219900
1114.153 0.0219702
1114.745 0.0219505
1115.338 0.0219308
1115.931 0.0219113
1116.524 0.0218919
1117.117 0.0218726
1117.712 0.0218534
1118.306 0.0218344
1118.901 0.0218155
1119.496 0.0217968
1120.092 0.0217782
1120.689 0.0217598
1121.285 0.0217416
1121.882 0.0217235
1122.480 0.0217057
1123.078 0.0216880
1123.677 0.0216706
1124.276 0.0216533
1124.875 0.0216363
1125.476 0.0216195
1126.076 0.0216030
1126.677 0.0215867
1127.279 0.0215706
1127.881 0.0215548
1128.484 0.0215393
1129.087 0.0215240
1129.691 0.0215091
1130.295 0.0214944
1130.900 0.0214800
1131.505 0.0214659
1132.111 0.0214521
1132.718 0.0214385
1133.325 0.0214254
1133.933 0.0214125
1134.541 0.0214000
1135.150 0.0213878
1135.760 0.0213759
1136.370 0.0213644
1136.981 0.0213532
1137.592 0.0213424
1138.204 0.0213320
1138.817 0.0213219
1139.431 0.0213121
1140.045 0.0213028
1140.660 0.0212938
1141.275 0.0212852
1141.891 0.0212770
1142.508 0.0212692
1143.126 0.0212617
1143.744 0.0212547
1144.363 0.0212481
1144.983 0.0212418
