432.689 0.0425209
433.621 0.0423971
434.552 0.0422745
435.482 0.0421531
436.410 0.0420330
437.337 0.0419141
438.262 0.0417965
439.187 0.0416800
440.110 0.0415647
441.031 0.0414506
441.952 0.0413375
442.871 0.0412256
443.789 0.0411148
444.705 0.0410052
445.621 0.0408965
446.535 0.0407889
447.447 0.0406825
448.359 0.0405769
449.269 0.0404724
450.178 0.0403689
451.086 0.0402664
451.993 0.0401647
452.898 0.0400642
453.803 0.0399644
454.706 0.0398656
455.608 0.0397678
456.508 0.0396709
457.408 0.0395748
458.306 0.0394796
459.204 0.0393852
460.100 0.0392917
460.995 0.0391991
461.888 0.0391074
462.781 0.0390163
463.673 0.0389261
464.563 0.0388367
465.452 0.0387481
466.340 0.0386603
467.228 0.0385732
468.114 0.0384869
468.999 0.0384013
469.882 0.0383165
470.765 0.0382324
471.647 0.0381490
472.528 0.0380663
473.407 0.0379844
474.286 0.0379031
475.163 0.0378225
476.040 0.0377426
476.915 0.0376633
477.790 0.0375847
478.663 0.0375068
479.535 0.0374295
480.407 0.0373528
481.277 0.0372767
482.147 0.0372012
483.015 0.0371264
483.883 0.0370521
484.749 0.0369785
485.615 0.0369054
486.479 0.0368330
487.343 0.0367610
488.206 0.0366896
489.067 0.0366188
489.928 0.0365485
490.788 0.0364787
491.647 0.0364095
492.505 0.0363408
493.362 0.0362726
494.218 0.0362050
495.073 0.0361379
495.928 0.0360711
496.781 0.0360050
497.634 0.0359393
498.486 0.0358741
499.337 0.0358094
500.187 0.0357451
501.036 0.0356814
501.884 0.0356181
502.731 0.0355553
503.578 0.0354929
504.424 0.0354310
505.268 0.0353696
506.113 0.0353085
506.956 0.0352479
507.798 0.0351878
508.640 0.0351281
509.480 0.0350689
510.320 0.0350101
511.160 0.0349516
511.998 0.0348936
512.836 0.0348360
513.672 0.0347789
514.508 0.0347222
515.344 0.0346658
516.178 0.0346098
517.012 0.0345542
517.845 0.0344991
518.677 0.0344443
519.508 0.0343899
520.339 0.0343358
521.169 0.0342821
521.998 0.0342287
522.826 0.0341758
523.654 0.0341231
524.481 0.0340708
525.307 0.0340189
526.133 0.0339672
526.958 0.0339159
527.782 0.0338649
528.605 0.0338143
529.428 0.0337639
530.250 0.0337138
531.072 0.0336640
531.892 0.0336146
532.712 0.0335655
533.532 0.0335166
534.350 0.0334680
535.168 0.0334197
535.986 0.0333717
536.802 0.0333240
537.618 0.0332766
538.434 0.0332294
539.249 0.0331825
540.063 0.0331358
540.876 0.0330895
541.689 0.0330435
542.501 0.0329977
543.313 0.0329522
544.124 0.0329069
544.934 0.0328620
545.744 0.0328173
546.553 0.0327729
547.361 0.0327288
548.169 0.0326849
548.976 0.0326413
549.783 0.0325980
550.589 0.0325550
551.395 0.0325122
552.200 0.0324697
553.004 0.0324276
553.808 0.0323856
554.611 0.0323440
555.414 0.0323026
556.216 0.0322614
557.018 0.0322206
557.819 0.0321800
558.619 0.0321396
559.419 0.0320996
560.218 0.0320598
561.017 0.0320202
561.815 0.0319809
562.613 0.0319418
563.410 0.0319029
564.207 0.0318643
565.003 0.0318259
565.799 0.0317878
566.594 0.0317498
567.388 0.0317121
568.182 0.0316746
568.976 0.0316373
569.769 0.0316002
570.562 0.0315632
571.354 0.0315265
572.145 0.0314899
572.936 0.0314535
573.727 0.0314173
574.517 0.0313813
575.307 0.0313453
576.096 0.0313096
576.885 0.0312740
577.673 0.0312386
578.461 0.0312033
579.248 0.0311681
580.035 0.0311331
580.821 0.0310983
581.607 0.0310635
582.392 0.0310289
583.177 0.0309945
583.962 0.0309601
584.746 0.0309259
585.529 0.0308919
586.313 0.0308579
587.095 0.0308241
587.878 0.0307904
588.660 0.0307569
589.441 0.0307235
590.222 0.0306902
591.003 0.0306571
591.783 0.0306242
592.563 0.0305913
593.342 0.0305587
594.121 0.0305262
594.899 0.0304939
595.678 0.0304617
596.455 0.0304297
597.233 0.0303979
598.009 0.0303662
598.786 0.0303347
599.562 0.0303035
600.338 0.0302724
601.113 0.0302415
601.888 0.0302107
602.663 0.0301802
603.437 0.0301499
604.211 0.0301198
604.984 0.0300899
605.757 0.0300601
606.530 0.0300306
607.302 0.0300013
608.074 0.0299722
608.845 0.0299434
609.616 0.0299147
610.387 0.0298862
611.158 0.0298579
611.928 0.0298298
612.697 0.0298019
613.467 0.0297742
614.236 0.0297467
615.004 0.0297194
615.773 0.0296922
616.541 0.0296652
617.308 0.0296384
618.076 0.0296118
618.843 0.0295853
619.609 0.0295590
620.375 0.0295328
621.141 0.0295068
621.907 0.0294808
622.672 0.0294551
623.437 0.0294294
624.202 0.0294038
624.966 0.0293784
625.730 0.0293530
626.493 0.0293277
627.257 0.0293025
628.020 0.0292774
628.782 0.0292524
629.545 0.0292274
630.307 0.0292025
631.068 0.0291776
631.830 0.0291527
632.591 0.0291279
633.352 0.0291032
634.112 0.0290784
634.872 0.0290537
635.632 0.0290290
636.392 0.0290043
637.151 0.0289797
637.910 0.0289550
638.668 0.0289304
639.427 0.0289058
640.185 0.0288811
640.943 0.0288565
641.700 0.0288319
642.457 0.0288073
643.214 0.0287828
643.971 0.0287582
644.727 0.0287336
645.483 0.0287091
646.239 0.0286846
646.994 0.0286601
647.750 0.0286356
648.505 0.0286112
649.259 0.0285869
650.014 0.0285625
650.768 0.0285382
651.521 0.0285140
652.275 0.0284899
653.028 0.0284658
653.781 0.0284418
654.534 0.0284179
655.286 0.0283941
656.039 0.0283704
656.791 0.0283468
657.542 0.0283233
658.294 0.0283000
659.045 0.0282768
659.796 0.0282537
660.546 0.0282308
661.297 0.0282080
662.047 0.0281853
662.796 0.0281629
663.546 0.0281406
664.295 0.0281185
665.044 0.0280966
665.793 0.0280749
666.542 0.0280533
667.290 0.0280320
668.038 0.0280108
668.786 0.0279899
669.533 0.0279691
670.281 0.0279486
671.028 0.0279283
671.774 0.0279082
672.521 0.0278883
673.267 0.0278686
674.013 0.0278491
674.759 0.0278298
675.505 0.0278107
676.250 0.0277919
676.995 0.0277732
677.740 0.0277547
678.484 0.0277364
679.229 0.0277183
679.973 0.0277004
680.717 0.0276827
681.460 0.0276651
682.204 0.0276477
682.947 0.0276304
683.690 0.0276133
684.433 0.0275963
685.175 0.0275795
685.917 0.0275628
686.659 0.0275462
687.401 0.0275297
688.142 0.0275133
688.884 0.0274969
689.625 0.0274807
690.365 0.0274645
691.106 0.0274484
691.846 0.0274323
692.586 0.0274162
693.326 0.0274002
694.066 0.0273842
694.805 0.0273682
695.545 0.0273522
696.284 0.0273362
697.022 0.0273201
697.761 0.0273041
698.499 0.0272880
699.237 0.0272718
699.975 0.0272556
700.713 0.0272393
701.450 0.0272230
702.187 0.0272066
702.924 0.0271901
703.661 0.0271735
704.397 0.0271569
705.133 0.0271401
705.869 0.0271232
706.605 0.0271063
707.341 0.0270892
708.076 0.0270720
708.811 0.0270547
709.546 0.0270373
710.281 0.0270198
711.015 0.0270022
711.749 0.0269845
712.483 0.0269666
713.217 0.0269487
713.950 0.0269306
714.684 0.0269125
715.417 0.0268942
716.150 0.0268759
716.882 0.0268575
717.615 0.0268389
718.347 0.0268203
719.079 0.0268017
719.811 0.0267829
720.542 0.0267642
721.273 0.0267454
722.005 0.0267265
722.735 0.0267076
723.466 0.0266886
724.196 0.0266697
724.927 0.0266507
725.656 0.0266318
726.386 0.0266129
727.116 0.0265940
727.845 0.0265751
728.574 0.0265563
729.303 0.0265375
730.031 0.0265189
730.760 0.0265002
731.488 0.0264817
732.216 0.0264633
732.944 0.0264449
733.671 0.0264267
734.398 0.0264086
735.125 0.0263907
735.852 0.0263729
736.579 0.0263553
737.305 0.0263378
738.031 0.0263205
738.757 0.0263034
739.483 0.0262865
740.208 0.0262698
740.933 0.0262533
741.658 0.0262370
742.383 0.0262209
743.108 0.0262050
743.832 0.0261894
744.556 0.0261741
745.280 0.0261589
746.004 0.0261440
746.727 0.0261294
747.450 0.0261151
748.173 0.0261009
748.896 0.0260871
749.618 0.0260735
750.340 0.0260602
751.062 0.0260471
751.784 0.0260343
752.506 0.0260217
753.227 0.0260094
753.948 0.0259974
754.669 0.0259856
755.389 0.0259741
756.110 0.0259628
756.830 0.0259518
757.550 0.0259410
758.269 0.0259304
758.989 0.0259201
759.708 0.0259099
760.427 0.0259000
761.146 0.0258903
761.864 0.0258808
762.582 0.0258715
763.300 0.0258624
764.018 0.0258534
764.736 0.0258446
765.453 0.0258360
766.170 0.0258275
766.887 0.0258191
767.603 0.0258109
768.320 0.0258028
769.036 0.0257947
769.751 0.0257868
770.467 0.0257789
771.182 0.0257712
771.897 0.0257634
772.612 0.0257557
773.327 0.0257481
774.041 0.0257404
774.755 0.0257328
775.469 0.0257252
776.183 0.0257175
776.896 0.0257099
777.609 0.0257022
778.322 0.0256944
779.035 0.0256866
779.747 0.0256787
780.459 0.0256708
781.171 0.0256627
781.882 0.0256546
782.594 0.0256463
783.305 0.0256379
784.016 0.0256294
784.726 0.0256208
785.436 0.0256120
786.147 0.0256030
786.856 0.0255939
787.566 0.0255846
788.275 0.0255752
788.984 0.0255655
789.693 0.0255557
790.401 0.0255457
791.110 0.0255355
791.818 0.0255250
792.525 0.0255144
793.233 0.0255036
793.940 0.0254925
794.647 0.0254812
795.353 0.0254697
796.060 0.0254580
796.766 0.0254461
797.472 0.0254339
798.177 0.0254215
798.883 0.0254089
799.588 0.0253961
800.292 0.0253831
800.997 0.0253698
801.701 0.0253563
802.405 0.0253426
803.109 0.0253287
803.812 0.0253147
804.515 0.0253004
805.218 0.0252859
805.921 0.0252712
806.623 0.0252564
807.325 0.0252413
808.027 0.0252261
808.728 0.0252108
809.429 0.0251953
810.130 0.0251796
810.831 0.0251638
811.531 0.0251479
812.231 0.0251319
812.931 0.0251157
813.630 0.0250995
814.330 0.0250831
815.029 0.0250667
815.727 0.0250502
816.426 0.0250336
817.124 0.0250170
817.821 0.0250004
818.519 0.0249837
819.216 0.0249670
819.913 0.0249503
820.609 0.0249336
821.306 0.0249169
822.002 0.0249003
822.697 0.0248837
823.393 0.0248671
824.088 0.0248506
824.783 0.0248342
825.477 0.0248179
826.171 0.0248016
826.865 0.0247855
827.559 0.0247695
828.252 0.0247536
828.945 0.0247378
829.638 0.0247222
830.330 0.0247068
831.023 0.0246915
831.714 0.0246764
832.406 0.0246614
833.097 0.0246467
833.788 0.0246322
834.479 0.0246179
835.169 0.0246038
835.859 0.0245900
836.548 0.0245764
837.238 0.0245630
837.927 0.0245499
838.615 0.0245371
839.304 0.0245245
839.992 0.0245122
840.680 0.0245002
841.367 0.0244885
842.054 0.0244770
842.741 0.0244659
843.428 0.0244550
844.114 0.0244444
844.800 0.0244342
845.485 0.0244242
846.170 0.0244146
846.855 0.0244053
847.540 0.0243962
848.224 0.0243875
848.908 0.0243791
849.592 0.0243711
850.275 0.0243633
850.958 0.0243559
851.641 0.0243487
852.323 0.0243419
853.005 0.0243354
853.687 0.0243292
854.368 0.0243233
855.049 0.0243177
855.730 0.0243123
856.410 0.0243073
857.090 0.0243026
857.769 0.0242982
858.449 0.0242940
859.128 0.0242901
859.806 0.0242865
860.485 0.0242831
861.163 0.0242800
861.840 0.0242772
862.518 0.0242746
863.195 0.0242722
863.871 0.0242700
864.548 0.0242681
865.224 0.0242664
865.899 0.0242649
866.574 0.0242635
867.249 0.0242624
867.924 0.0242614
868.598 0.0242606
869.272 0.0242600
869.946 0.0242595
870.619 0.0242592
871.292 0.0242590
871.964 0.0242588
872.636 0.0242589
873.308 0.0242590
873.979 0.0242592
874.651 0.0242594
875.321 0.0242598
875.992 0.0242602
876.662 0.0242606
877.331 0.0242611
878.001 0.0242616
878.670 0.0242621
879.338 0.0242626
880.007 0.0242632
880.675 0.0242637
881.342 0.0242642
882.009 0.0242646
882.676 0.0242650
883.343 0.0242653
884.009 0.0242656
884.675 0.0242658
885.340 0.0242659
886.005 0.0242659
886.670 0.0242658
887.334 0.0242656
887.998 0.0242653
888.662 0.0242648
889.325 0.0242642
889.988 0.0242635
890.650 0.0242626
891.312 0.0242615
891.974 0.0242603
892.636 0.0242588
893.297 0.0242572
893.957 0.0242554
894.618 0.0242534
895.278 0.0242512
895.937 0.0242487
896.596 0.0242461
897.255 0.0242432
897.914 0.0242401
898.572 0.0242367
899.230 0.0242331
899.887 0.0242293
900.544 0.0242252
901.201 0.0242208
901.857 0.0242162
902.513 0.0242114
903.168 0.0242062
903.823 0.0242008
904.478 0.0241952
905.132 0.0241892
905.786 0.0241830
906.440 0.0241765
907.093 0.0241697
907.746 0.0241627
908.399 0.0241553
909.051 0.0241477
909.703 0.0241398
910.354 0.0241317
911.005 0.0241232
911.656 0.0241145
912.306 0.0241055
912.956 0.0240962
913.605 0.0240867
914.254 0.0240769
914.903 0.0240668
915.551 0.0240564
916.199 0.0240458
916.847 0.0240350
917.494 0.0240238
918.141 0.0240125
918.788 0.0240008
919.434 0.0239890
920.079 0.0239769
920.725 0.0239645
921.370 0.0239519
922.014 0.0239392
922.658 0.0239262
923.302 0.0239129
923.946 0.0238995
924.589 0.0238858
925.231 0.0238720
925.873 0.0238580
926.515 0.0238438
927.157 0.0238294
927.798 0.0238149
928.439 0.0238002
929.079 0.0237853
929.719 0.0237703
930.359 0.0237551
930.998 0.0237399
931.637 0.0237244
932.275 0.0237089
932.913 0.0236933
933.551 0.0236776
934.188 0.0236617
934.825 0.0236458
935.462 0.0236298
936.098 0.0236138
936.733 0.0235977
937.369 0.0235815
938.004 0.0235653
938.638 0.0235490
939.273 0.0235328
939.907 0.0235165
940.540 0.0235002
941.173 0.0234839
941.806 0.0234676
942.438 0.0234513
943.070 0.0234350
943.702 0.0234188
944.333 0.0234026
944.964 0.0233865
945.594 0.0233704
946.224 0.0233544
946.854 0.0233385
947.483 0.0233226
948.112 0.0233068
948.741 0.0232912
949.369 0.0232756
949.996 0.0232602
950.624 0.0232448
951.251 0.0232296
951.878 0.0232145
952.504 0.0231996
953.130 0.0231848
953.755 0.0231702
954.380 0.0231558
955.005 0.0231415
955.629 0.0231274
956.253 0.0231135
956.877 0.0230997
957.500 0.0230862
958.123 0.0230729
958.746 0.0230597
959.368 0.0230468
959.990 0.0230341
960.611 0.0230233
961.232 0.0230127
961.853 0.0230023
962.473 0.0229922
963.093 0.0229823
963.712 0.0229727
964.331 0.0229632
964.950 0.0229541
965.569 0.0229452
966.187 0.0229365
966.804 0.0229281
967.422 0.0229200
968.039 0.0229121
968.655 0.0229045
969.272 0.0228972
969.887 0.0228902
970.503 0.0228834
971.118 0.0228769
971.733 0.0228707
972.347 0.0228647
972.961 0.0228591
973.575 0.0228537
974.188 0.0228487
974.801 0.0228439
975.414 0.0228394
976.026 0.0228352
976.638 0.0228313
977.250 0.0228276
977.861 0.0228243
978.472 0.0228213
979.083 0.0228185
979.693 0.0228160
980.303 0.0228139
980.912 0.0228120
981.521 0.0228104
982.130 0.0228091
982.738 0.0228080
983.346 0.0228073
983.954 0.0228068
984.562 0.0228066
985.169 0.0228067
985.775 0.0228071
986.382 0.0228077
986.988 0.0228086
987.594 0.0228098
988.199 0.0228112
988.804 0.0228129
989.409 0.0228149
990.013 0.0228171
990.617 0.0228195
991.221 0.0228222
991.824 0.0228252
992.427 0.0228284
993.030 0.0228318
993.632 0.0228355
994.234 0.0228393
994.836 0.0228434
995.438 0.0228478
996.039 0.0228523
996.640 0.0228571
997.240 0.0228620
997.840 0.0228672
998.440 0.0228725
999.040 0.0228781
999.639 0.0228838
1000.238 0.0228891
1000.836 0.0228938
1001.435 0.0228987
1002.033 0.0229037
1002.630 0.0229089
1003.228 0.0229142
1003.825 0.0229197
1004.422 0.0229254
1005.018 0.0229311
1005.614 0.0229370
1006.210 0.0229431
1006.806 0.0229492
1007.401 0.0229555
1007.996 0.0229619
1008.591 0.0229683
1009.186 0.0229749
1009.780 0.0229816
1010.374 0.0229883
1010.967 0.0229951
1011.561 0.0230020
1012.154 0.0230089
1012.746 0.0230159
1013.339 0.0230230
1013.931 0.0230301
1014.523 0.0230372
1015.115 0.0230444
1015.706 0.0230516
1016.298 0.0230588
1016.888 0.0230660
1017.479 0.0230733
1018.069 0.0230805
1018.660 0.0230877
1019.250 0.0230949
1019.839 0.0231021
1020.429 0.0231093
1021.018 0.0231164
1021.607 0.0231235
1022.195 0.0231306
1022.784 0.0231376
1023.372 0.0231446
1023.960 0.0231515
1024.547 0.0231583
1025.135 0.0231650
1025.722 0.0231717
1026.309 0.0231783
1026.896 0.0231848
1027.483 0.0231912
1028.069 0.0231975
1028.655 0.0232037
1029.241 0.0232098
1029.827 0.0232158
1030.412 0.0232216
1030.997 0.0232273
1031.582 0.0232329
1032.167 0.0232384
1032.752 0.0232437
1033.336 0.0232488
1033.921 0.0232538
1034.505 0.0232587
1035.089 0.0232634
1035.672 0.0232679
1036.256 0.0232723
1036.839 0.0232765
1037.422 0.0232805
1038.005 0.0232843
1038.588 0.0232879
1039.171 0.0232914
1039.753 0.0232946
1040.335 0.0232977
1040.918 0.0233005
1041.500 0.0233032
1042.081 0.0233056
1042.663 0.0233079
1043.244 0.0233099
1043.826 0.0233117
1044.407 0.0233132
1044.988 0.0233146
1045.569 0.0233157
1046.150 0.0233166
1046.730 0.0233173
1047.311 0.0233177
1047.891 0.0233179
1048.471 0.0233179
1049.052 0.0233176
1049.632 0.0233171
1050.211 0.0233164
1050.791 0.0233154
1051.371 0.0233141
1051.950 0.0233126
1052.530 0.0233108
1053.109 0.0233088
1053.688 0.0233066
1054.268 0.0233041
1054.847 0.0233013
1055.426 0.0232983
1056.005 0.0232950
1056.583 0.0232915
1057.162 0.0232877
1057.741 0.0232837
1058.319 0.0232794
1058.898 0.0232748
1059.476 0.0232700
1060.055 0.0232649
1060.633 0.0232596
1061.211 0.0232540
1061.790 0.0232481
1062.368 0.0232420
1062.946 0.0232357
1063.524 0.0232291
1064.102 0.0232222
1064.680 0.0232151
1065.258 0.0232077
1065.836 0.0232001
1066.414 0.0231922
1066.992 0.0231841
1067.570 0.0231757
1068.148 0.0231671
1068.726 0.0231582
1069.304 0.0231491
1069.882 0.0231398
1070.460 0.0231302
1071.038 0.0231203
1071.616 0.0231103
1072.194 0.0231000
1072.772 0.0230895
1073.350 0.0230787
1073.928 0.0230677
1074.506 0.0230565
1075.084 0.0230451
1075.662 0.0230335
1076.240 0.0230216
1076.819 0.0230095
1077.397 0.0229973
1077.976 0.0229848
1078.554 0.0229721
1079.133 0.0229592
1079.711 0.0229461
1080.290 0.0229328
1080.869 0.0229193
1081.448 0.0229057
1082.027 0.0228918
1082.606 0.0228778
1083.185 0.0228636
1083.764 0.0228492
1084.343 0.0228347
1084.923 0.0228200
1085.502 0.0228051
1086.082 0.0227901
1086.662 0.0227749
1087.242 0.0227596
1087.822 0.0227441
1088.402 0.0227285
1088.983 0.0227127
1089.563 0.0226968
1090.144 0.0226808
1090.725 0.0226646
1091.306 0.0226484
1091.887 0.0226320
1092.469 0.0226155
1093.050 0.0225989
1093.632 0.0225822
1094.214 0.0225654
1094.796 0.0225486
1095.379 0.0225316
1095.961 0.0225145
1096.544 0.0224974
1097.127 0.0224802
1097.710 0.0224629
1098.294 0.0224455
1098.877 0.0224282
1099.461 0.0224107
1100.046 0.0223932
1100.630 0.0223757
1101.215 0.0223581
1101.800 0.0223404
1102.385 0.0223228
1102.970 0.0223051
1103.556 0.0222874
1104.142 0.0222697
1104.728 0.0222520
1105.315 0.0222343
1105.902 0.0222166
1106.489 0.0221989
1107.077 0.0221812
1107.664 0.0221635
1108.253 0.0221458
1108.841 0.0221282
1109.430 0.0221106
1110.019 0.0220930
1110.609 0.0220755
1111.198 0.0220580
1111.789 0.0220406
1112.379 0.0220232
1112.970 0.0220059
1113.561 0.0219887
1114.153 0.0219715
1114.745 0.0219544
1115.338 0.0219374
1115.931 0.0219205
1116.524 0.0219037
1117.117 0.0218870
1117.712 0.0218703
1118.306 0.0218538
1118.901 0.0218374
1119.496 0.0218211
1120.092 0.0218049
1120.689 0.0217889
1121.285 0.0217730
1121.882 0.0217572
1122.480 0.0217416
1123.078 0.0217261
1123.677 0.0217107
1124.276 0.0216956
1124.875 0.0216806
1125.476 0.0216657
1126.076 0.0216510
1126.677 0.0216365
1127.279 0.0216221
1127.881 0.0216080
1128.484 0.0215940
1129.087 0.0215802
1129.691 0.0215666
1130.295 0.0215532
1130.900 0.0215400
1131.505 0.0215271
1132.111 0.0215143
1132.718 0.0215017
1133.325 0.0214894
1133.933 0.0214773
1134.541 0.0214654
1135.150 0.0214537
1135.760 0.0214423
1136.370 0.0214311
1136.981 0.0214201
1137.592 0.0214095
1138.204 0.0213990
1138.817 0.0213888
1139.431 0.0213788
1140.045 0.0213691
1140.660 0.0213597
1141.275 0.0213505
1141.891 0.0213416
1142.508 0.0213330
1143.126 0.0213246
1143.744 0.0213165
1144.363 0.0213087
1144.983 0.0213012
