432.689 0.0463645
433.621 0.0462240
434.552 0.0460848
435.482 0.0459470
436.410 0.0458106
437.337 0.0456756
438.262 0.0455420
439.187 0.0454095
440.110 0.0452783
441.031 0.0451486
441.952 0.0450199
442.871 0.0448926
443.789 0.0447664
444.705 0.0446416
445.621 0.0445178
446.535 0.0443952
447.447 0.0442739
448.359 0.0441535
449.269 0.0440344
450.178 0.0439163
451.086 0.0437993
451.993 0.0436833
452.898 0.0435685
453.803 0.0434546
454.706 0.0433418
455.608 0.0432300
456.508 0.0431193
457.408 0.0430095
458.306 0.0429007
459.204 0.0427927
460.100 0.0426858
460.995 0.0425798
461.888 0.0424748
462.781 0.0423706
463.673 0.0422673
464.563 0.0421650
465.452 0.0420635
466.340 0.0419629
467.228 0.0418631
468.114 0.0417642
468.999 0.0416661
469.882 0.0415689
470.765 0.0414724
471.647 0.0413767
472.528 0.0412819
473.407 0.0411878
474.286 0.0410945
475.163 0.0410020
476.040 0.0409102
476.915 0.0408192
477.790 0.0407289
478.663 0.0406394
479.535 0.0405506
480.407 0.0404624
481.277 0.0403750
482.147 0.0402882
483.015 0.0402022
483.883 0.0401167
484.749 0.0400320
485.615 0.0399479
486.479 0.0398645
487.343 0.0397817
488.206 0.0396995
489.067 0.0396180
489.928 0.0395371
490.788 0.0394567
491.647 0.0393770
492.505 0.0392978
493.362 0.0392193
494.218 0.0391413
495.073 0.0390639
495.928 0.0389870
496.781 0.0389108
497.634 0.0388350
498.486 0.0387598
499.337 0.0386852
500.187 0.0386111
501.036 0.0385375
501.884 0.0384645
502.731 0.0383920
503.578 0.0383200
504.424 0.0382485
505.268 0.0381776
506.113 0.0381071
506.956 0.0380371
507.798 0.0379677
508.640 0.0378987
509.480 0.0378303
510.320 0.0377623
511.160 0.0376947
511.998 0.0376277
512.836 0.0375611
513.672 0.0374950
514.508 0.0374294
515.344 0.0373641
516.178 0.0372994
517.012 0.0372351
517.845 0.0371712
518.677 0.0371078
519.508 0.0370449
520.339 0.0369823
521.169 0.0369201
521.998 0.0368583
522.826 0.0367970
523.654 0.0367360
524.481 0.0366754
525.307 0.0366153
526.133 0.0365554
526.958 0.0364960
527.782 0.0364369
528.605 0.0363782
529.428 0.0363198
530.250 0.0362618
531.072 0.0362041
531.892 0.0361468
532.712 0.0360899
533.532 0.0360332
534.350 0.0359769
535.168 0.0359209
535.986 0.0358652
536.802 0.0358099
537.618 0.0357549
538.434 0.0357002
539.249 0.0356458
540.063 0.0355917
540.876 0.0355380
541.689 0.0354846
542.501 0.0354315
543.313 0.0353786
544.124 0.0353261
544.934 0.0352740
545.744 0.0352221
546.553 0.0351706
547.361 0.0351193
548.169 0.0350684
548.976 0.0350178
549.783 0.0349675
550.589 0.0349175
551.395 0.0348678
552.200 0.0348185
553.004 0.0347694
553.808 0.0347207
554.611 0.0346722
555.414 0.0346241
556.216 0.0345763
557.018 0.0345287
557.819 0.0344815
558.619 0.0344346
559.419 0.0343879
560.218 0.0343416
561.017 0.0342955
561.815 0.0342498
562.613 0.0342043
563.410 0.0341590
564.207 0.0341140
565.003 0.0340694
565.799 0.0340249
566.594 0.0339807
567.388 0.0339368
568.182 0.0338931
568.976 0.0338496
569.769 0.0338063
570.562 0.0337633
571.354 0.0337205
572.145 0.0336779
572.936 0.0336355
573.727 0.0335933
574.517 0.0335513
575.307 0.0335095
576.096 0.0334678
576.885 0.0334264
577.673 0.0333851
578.461 0.0333440
579.248 0.0333031
580.035 0.0332623
580.821 0.0332217
581.607 0.0331813
582.392 0.0331410
583.177 0.0331009
583.962 0.0330609
584.746 0.0330211
585.529 0.0329815
586.313 0.0329419
587.095 0.0329026
587.878 0.0328634
588.660 0.0328244
589.441 0.0327856
590.222 0.0327469
591.003 0.0327083
591.783 0.0326700
592.563 0.0326318
593.342 0.0325938
594.121 0.0325560
594.899 0.0325184
595.678 0.0324809
596.455 0.0324436
597.233 0.0324065
598.009 0.0323697
598.786 0.0323330
599.562 0.0322966
600.338 0.0322603
601.113 0.0322243
601.888 0.0321885
602.663 0.0321528
603.437 0.0321175
604.211 0.0320823
604.984 0.0320474
605.757 0.0320127
606.530 0.0319782
607.302 0.0319439
608.074 0.0319099
608.845 0.0318761
609.616 0.0318426
610.387 0.0318092
611.158 0.0317761
611.928 0.0317432
612.697 0.0317105
613.467 0.0316781
614.236 0.0316458
615.004 0.0316138
615.773 0.0315819
616.541 0.0315503
617.308 0.0315189
618.076 0.0314876
618.843 0.0314565
619.609 0.0314256
620.375 0.0313949
621.141 0.0313643
621.907 0.0313339
622.672 0.0313037
623.437 0.0312735
624.202 0.0312435
624.966 0.0312136
625.730 0.0311839
626.493 0.0311543
627.257 0.0311247
628.020 0.0310952
628.782 0.0310659
629.545 0.0310366
630.307 0.0310074
631.068 0.0309783
631.830 0.0309492
632.591 0.0309202
633.352 0.0308912
634.112 0.0308623
634.872 0.0308334
635.632 0.0308045
636.392 0.0307757
637.151 0.0307469
637.910 0.0307181
638.668 0.0306894
639.427 0.0306607
640.185 0.0306320
640.943 0.0306033
641.700 0.0305747
642.457 0.0305460
643.214 0.0305174
643.971 0.0304888
644.727 0.0304603
645.483 0.0304318
646.239 0.0304033
646.994 0.0303748
647.750 0.0303464
648.505 0.0303180
649.259 0.0302897
650.014 0.0302615
650.768 0.0302333
651.521 0.0302052
652.275 0.0301771
653.028 0.0301492
653.781 0.0301213
654.534 0.0300935
655.286 0.0300659
656.039 0.0300383
656.791 0.0300109
657.542 0.0299836
658.294 0.0299564
659.045 0.0299294
659.796 0.0299025
660.546 0.0298759
661.297 0.0298493
662.047 0.0298229
662.796 0.0297968
663.546 0.0297707
664.295 0.0297449
665.044 0.0297193
665.793 0.0296939
666.542 0.0296686
667.290 0.0296436
668.038 0.0296189
668.786 0.0295943
669.533 0.0295700
670.281 0.0295458
671.028 0.0295219
671.774 0.0294982
672.521 0.0294748
673.267 0.0294516
674.013 0.0294286
674.759 0.0294058
675.505 0.0293832
676.250 0.0293609
676.995 0.0293388
677.740 0.0293169
678.484 0.0292952
679.229 0.0292737
679.973 0.0292524
680.717 0.0292313
681.460 0.0292104
682.204 0.0291897
682.947 0.0291691
683.690 0.0291487
684.433 0.0291285
685.175 0.0291084
685.917 0.0290885
686.659 0.0290686
687.401 0.0290489
688.142 0.0290294
688.884 0.0290099
689.625 0.0289905
690.365 0.0289712
691.106 0.0289520
691.846 0.0289328
692.586 0.0289137
693.326 0.0288946
694.066 0.0288755
694.805 0.0288565
695.545 0.0288375
696.284 0.0288185
697.022 0.0287995
697.761 0.0287804
698.499 0.0287614
699.237 0.0287423
699.975 0.0287231
700.713 0.0287039
701.450 0.0286847
702.187 0.0286654
702.924 0.0286460
703.661 0.0286266
704.397 0.0286070
705.133 0.0285874
705.869 0.0285677
706.605 0.0285479
707.341 0.0285279
708.076 0.0285079
708.811 0.0284878
709.546 0.0284676
710.281 0.0284473
711.015 0.0284268
711.749 0.0284063
712.483 0.0283856
713.217 0.0283649
713.950 0.0283441
714.684 0.0283231
715.417 0.0283021
716.150 0.0282809
716.882 0.0282597
717.615 0.0282384
718.347 0.0282170
719.079 0.0281956
719.811 0.0281741
720.542 0.0281525
721.273 0.0281309
722.005 0.0281093
722.735 0.0280876
723.466 0.0280659
724.196 0.0280442
724.927 0.0280224
725.656 0.0280008
726.386 0.0279791
727.116 0.0279574
727.845 0.0279357
728.574 0.0279142
729.303 0.0278926
730.031 0.0278712
730.760 0.0278498
731.488 0.0278285
732.216 0.0278073
732.944 0.0277862
733.671 0.0277653
734.398 0.0277444
735.125 0.0277237
735.852 0.0277032
736.579 0.0276828
737.305 0.0276626
738.031 0.0276426
738.757 0.0276228
739.483 0.0276032
740.208 0.0275837
740.933 0.0275645
741.658 0.0275456
742.383 0.0275268
743.108 0.0275083
743.832 0.0274900
744.556 0.0274720
745.280 0.0274542
746.004 0.0274367
746.727 0.0274194
747.450 0.0274024
748.173 0.0273857
748.896 0.0273693
749.618 0.0273531
750.340 0.0273372
751.062 0.0273216
751.784 0.0273062
752.506 0.0272911
753.227 0.0272763
753.948 0.0272618
754.669 0.0272475
755.389 0.0272335
756.110 0.0272198
756.830 0.0272063
757.550 0.0271931
758.269 0.0271801
758.989 0.0271674
759.708 0.0271549
760.427 0.0271426
761.146 0.0271306
761.864 0.0271188
762.582 0.0271071
763.300 0.0270957
764.018 0.0270845
764.736 0.0270734
765.453 0.0270626
766.170 0.0270518
766.887 0.0270413
767.603 0.0270308
768.320 0.0270205
769.036 0.0270103
769.751 0.0270003
770.467 0.0269903
771.182 0.0269804
771.897 0.0269706
772.612 0.0269608
773.327 0.0269511
774.041 0.0269414
774.755 0.0269318
775.469 0.0269221
776.183 0.0269125
776.896 0.0269028
777.609 0.0268931
778.322 0.0268834
779.035 0.0268737
779.747 0.0268639
780.459 0.0268540
781.171 0.0268440
781.882 0.0268340
782.594 0.0268238
783.305 0.0268135
784.016 0.0268032
784.726 0.0267926
785.436 0.0267820
786.147 0.0267712
786.856 0.0267603
787.566 0.0267491
788.275 0.0267379
788.984 0.0267264
789.693 0.0267147
790.401 0.0267029
791.110 0.0266909
791.818 0.0266786
792.525 0.0266662
793.233 0.0266536
793.940 0.0266407
794.647 0.0266276
795.353 0.0266144
796.060 0.0266009
796.766 0.0265871
797.472 0.0265732
798.177 0.0265590
798.883 0.0265446
799.588 0.0265300
800.292 0.0265152
800.997 0.0265001
801.701 0.0264849
802.405 0.0264694
803.109 0.0264537
803.812 0.0264378
804.515 0.0264217
805.218 0.0264054
805.921 0.0263889
806.623 0.0263722
807.325 0.0263554
808.027 0.0263384
808.728 0.0263212
809.429 0.0263038
810.130 0.0262863
810.831 0.0262687
811.531 0.0262509
812.231 0.0262330
812.931 0.0262150
813.630 0.0261969
814.330 0.0261787
815.029 0.0261604
815.727 0.0261420
816.426 0.0261235
817.124 0.0261050
817.821 0.0260865
818.519 0.0260679
819.216 0.0260493
819.913 0.0260307
820.609 0.0260121
821.306 0.0259934
822.002 0.0259749
822.697 0.0259563
823.393 0.0259378
824.088 0.0259194
824.783 0.0259010
825.477 0.0258827
826.171 0.0258645
826.865 0.0258464
827.559 0.0258284
828.252 0.0258106
828.945 0.0257928
829.638 0.0257753
830.330 0.0257579
831.023 0.0257406
831.714 0.0257235
832.406 0.0257066
833.097 0.0256899
833.788 0.0256735
834.479 0.0256572
835.169 0.0256411
835.859 0.0256253
836.548 0.0256098
837.238 0.0255945
837.927 0.0255794
838.615 0.0255646
839.304 0.0255501
839.992 0.0255358
840.680 0.0255219
841.367 0.0255082
842.054 0.0254948
842.741 0.0254818
843.428 0.0254690
844.114 0.0254565
844.800 0.0254444
845.485 0.0254325
846.170 0.0254210
846.855 0.0254098
847.540 0.0253989
848.224 0.0253883
848.908 0.0253781
849.592 0.0253682
850.275 0.0253586
850.958 0.0253493
851.641 0.0253404
852.323 0.0253318
853.005 0.0253235
853.687 0.0253155
854.368 0.0253078
855.049 0.0253005
855.730 0.0252935
856.410 0.0252867
857.090 0.0252803
857.769 0.0252742
858.449 0.0252683
859.128 0.0252628
859.806 0.0252575
860.485 0.0252525
861.163 0.0252478
861.840 0.0252433
862.518 0.0252391
863.195 0.0252352
863.871 0.0252315
864.548 0.0252280
865.224 0.0252248
865.899 0.0252218
866.574 0.0252189
867.249 0.0252163
867.924 0.0252139
868.598 0.0252117
869.272 0.0252096
869.946 0.0252077
870.619 0.0252059
871.292 0.0252043
871.964 0.0252029
872.636 0.0252015
873.308 0.0252003
873.979 0.0251992
874.651 0.0251981
875.321 0.0251972
875.992 0.0251963
876.662 0.0251955
877.331 0.0251947
878.001 0.0251940
878.670 0.0251933
879.338 0.0251926
880.007 0.0251919
880.675 0.0251913
881.342 0.0251906
882.009 0.0251899
882.676 0.0251891
883.343 0.0251883
884.009 0.0251875
884.675 0.0251866
885.340 0.0251856
886.005 0.0251845
886.670 0.0251834
887.334 0.0251821
887.998 0.0251807
888.662 0.0251792
889.325 0.0251776
889.988 0.0251758
890.650 0.0251739
891.312 0.0251718
891.974 0.0251696
892.636 0.0251671
893.297 0.0251645
893.957 0.0251618
894.618 0.0251588
895.278 0.0251556
895.937 0.0251522
896.596 0.0251486
897.255 0.0251447
897.914 0.0251407
898.572 0.0251364
899.230 0.0251319
899.887 0.0251271
900.544 0.0251221
901.201 0.0251168
901.857 0.0251112
902.513 0.0251054
903.168 0.0250994
903.823 0.0250931
904.478 0.0250865
905.132 0.0250796
905.786 0.0250725
906.440 0.0250650
907.093 0.0250573
907.746 0.0250494
908.399 0.0250411
909.051 0.0250326
909.703 0.0250238
910.354 0.0250147
911.005 0.0250053
911.656 0.0249956
912.306 0.0249857
912.956 0.0249755
913.605 0.0249650
914.254 0.0249542
914.903 0.0249432
915.551 0.0249319
916.199 0.0249203
916.847 0.0249085
917.494 0.0248964
918.141 0.0248840
918.788 0.0248714
919.434 0.0248585
920.079 0.0248454
920.725 0.0248321
921.370 0.0248185
922.014 0.0248047
922.658 0.0247906
923.302 0.0247764
923.946 0.0247619
924.589 0.0247472
925.231 0.0247323
925.873 0.0247173
926.515 0.0247020
927.157 0.0246865
927.798 0.0246709
928.439 0.0246551
929.079 0.0246391
929.719 0.0246230
930.359 0.0246067
930.998 0.0245903
931.637 0.0245738
932.275 0.0245571
932.913 0.0245403
933.551 0.0245234
934.188 0.0245064
934.825 0.0244893
935.462 0.0244721
936.098 0.0244549
936.733 0.0244376
937.369 0.0244202
938.004 0.0244028
938.638 0.0243853
939.273 0.0243678
939.907 0.0243503
940.540 0.0243327
941.173 0.0243152
941.806 0.0242976
942.438 0.0242801
943.070 0.0242625
943.702 0.0242450
944.333 0.0242276
944.964 0.0242101
945.594 0.0241928
946.224 0.0241754
946.854 0.0241582
947.483 0.0241410
948.112 0.0241239
948.741 0.0241069
949.369 0.0240900
949.996 0.0240733
950.624 0.0240566
951.251 0.0240400
951.878 0.0240236
952.504 0.0240073
953.130 0.0239912
953.755 0.0239752
954.380 0.0239594
955.005 0.0239437
955.629 0.0239283
956.253 0.0239130
956.877 0.0238978
957.500 0.0238829
958.123 0.0238682
958.746 0.0238537
959.368 0.0238394
959.990 0.0238253
960.611 0.0238134
961.232 0.0238018
961.853 0.0237903
962.473 0.0237791
963.093 0.0237682
963.712 0.0237575
964.331 0.0237470
964.950 0.0237368
965.569 0.0237268
966.187 0.0237170
966.804 0.0237076
967.422 0.0236984
968.039 0.0236895
968.655 0.0236808
969.272 0.0236724
969.887 0.0236643
970.503 0.0236565
971.118 0.0236490
971.733 0.0236417
972.347 0.0236347
972.961 0.0236280
973.575 0.0236216
974.188 0.0236155
974.801 0.0236097
975.414 0.0236042
976.026 0.0235990
976.638 0.0235940
977.250 0.0235894
977.861 0.0235851
978.472 0.0235810
979.083 0.0235773
979.693 0.0235738
980.303 0.0235707
980.912 0.0235678
981.521 0.0235652
982.130 0.0235630
982.738 0.0235610
983.346 0.0235593
983.954 0.0235579
984.562 0.0235568
985.169 0.0235559
985.775 0.0235554
986.382 0.0235551
986.988 0.0235551
987.594 0.0235554
988.199 0.0235559
988.804 0.0235568
989.409 0.0235579
990.013 0.0235592
990.617 0.0235608
991.221 0.0235627
991.824 0.0235648
992.427 0.0235672
993.030 0.0235698
993.632 0.0235727
994.234 0.0235758
994.836 0.0235791
995.438 0.0235827
996.039 0.0235865
996.640 0.0235905
997.240 0.0235947
997.840 0.0235992
998.440 0.0236038
999.040 0.0236086
999.639 0.0236137
1000.238 0.0236182
1000.836 0.0236220
1001.435 0.0236259
1002.033 0.0236300
1002.630 0.0236343
1003.228 0.0236387
1003.825 0.0236433
1004.422 0.0236481
1005.018 0.0236530
1005.614 0.0236581
1006.210 0.0236633
1006.806 0.0236686
1007.401 0.0236741
1007.996 0.0236796
1008.591 0.0236853
1009.186 0.0236911
1009.780 0.0236970
1010.374 0.0237030
1010.967 0.0237090
1011.561 0.0237152
1012.154 0.0237214
1012.746 0.0237277
1013.339 0.0237341
1013.931 0.0237405
1014.523 0.0237469
1015.115 0.0237534
1015.706 0.0237600
1016.298 0.0237666
1016.888 0.0237731
1017.479 0.0237797
1018.069 0.0237864
1018.660 0.0237930
1019.250 0.0237996
1019.839 0.0238062
1020.429 0.0238128
1021.018 0.0238194
1021.607 0.0238259
1022.195 0.0238324
1022.784 0.0238389
1023.372 0.0238453
1023.960 0.0238517
1024.547 0.0238580
1025.135 0.0238643
1025.722 0.0238704
1026.309 0.0238766
1026.896 0.0238826
1027.483 0.0238885
1028.069 0.0238944
1028.655 0.0239001
1029.241 0.0239057
1029.827 0.0239113
1030.412 0.0239167
1030.997 0.0239220
1031.582 0.0239271
1032.167 0.0239322
1032.752 0.0239371
1033.336 0.0239419
1033.921 0.0239465
1034.505 0.0239509
1035.089 0.0239552
1035.672 0.0239594
1036.256 0.0239634
1036.839 0.0239672
1037.422 0.0239708
1038.005 0.0239743
1038.588 0.0239776
1039.171 0.0239807
1039.753 0.0239836
1040.335 0.0239863
1040.918 0.0239888
1041.500 0.0239911
1042.081 0.0239933
1042.663 0.0239952
1043.244 0.0239969
1043.826 0.0239983
1044.407 0.0239996
1044.988 0.0240006
1045.569 0.0240014
1046.150 0.0240020
1046.730 0.0240024
1047.311 0.0240025
1047.891 0.0240024
1048.471 0.0240021
1049.052 0.0240015
1049.632 0.0240006
1050.211 0.0239996
1050.791 0.0239983
1051.371 0.0239967
1051.950 0.0239949
1052.530 0.0239928
1053.109 0.0239905
1053.688 0.0239880
1054.268 0.0239851
1054.847 0.0239821
1055.426 0.0239787
1056.005 0.0239752
1056.583 0.0239713
1057.162 0.0239672
1057.741 0.0239628
1058.319 0.0239582
1058.898 0.0239533
1059.476 0.0239482
1060.055 0.0239428
1060.633 0.0239371
1061.211 0.0239312
1061.790 0.0239250
1062.368 0.0239186
1062.946 0.0239119
1063.524 0.0239049
1064.102 0.0238977
1064.680 0.0238902
1065.258 0.0238824
1065.836 0.0238745
1066.414 0.0238662
1066.992 0.0238577
1067.570 0.0238489
1068.148 0.0238399
1068.726 0.0238307
1069.304 0.0238212
1069.882 0.0238114
1070.460 0.0238014
1071.038 0.0237912
1071.616 0.0237807
1072.194 0.0237700
1072.772 0.0237590
1073.350 0.0237479
1073.928 0.0237364
1074.506 0.0237248
1075.084 0.0237129
1075.662 0.0237008
1076.240 0.0236885
1076.819 0.0236759
1077.397 0.0236632
1077.976 0.0236502
1078.554 0.0236370
1079.133 0.0236236
1079.711 0.0236100
1080.290 0.0235962
1080.869 0.0235822
1081.448 0.0235680
1082.027 0.0235536
1082.606 0.0235390
1083.185 0.0235243
1083.764 0.0235094
1084.343 0.0234943
1084.923 0.0234790
1085.502 0.0234635
1086.082 0.0234479
1086.662 0.0234321
1087.242 0.0234162
1087.822 0.0234001
1088.402 0.0233838
1088.983 0.0233674
1089.563 0.0233509
1090.144 0.0233342
1090.725 0.0233174
1091.306 0.0233005
1091.887 0.0232835
1092.469 0.0232663
1093.050 0.0232490
1093.632 0.0232316
1094.214 0.0232141
1094.796 0.0231965
1095.379 0.0231788
1095.961 0.0231610
1096.544 0.0231431
1097.127 0.0231252
1097.710 0.0231072
1098.294 0.0230890
1098.877 0.0230709
1099.461 0.0230527
1100.046 0.0230343
1100.630 0.0230160
1101.215 0.0229976
1101.800 0.0229792
1102.385 0.0229607
1102.970 0.0229422
1103.556 0.0229237
1104.142 0.0229052
1104.728 0.0228866
1105.315 0.0228680
1105.902 0.0228494
1106.489 0.0228309
1107.077 0.0228123
1107.664 0.0227937
1108.253 0.0227751
1108.841 0.0227566
1109.430 0.0227381
1110.019 0.0227196
1110.609 0.0227011
1111.198 0.0226828
1111.789 0.0226644
1112.379 0.0226461
1112.970 0.0226278
1113.561 0.0226096
1114.153 0.0225915
1114.745 0.0225734
1115.338 0.0225554
1115.931 0.0225375
1116.524 0.0225197
1117.117 0.0225020
1117.712 0.0224843
1118.306 0.0224668
1118.901 0.0224494
1119.496 0.0224321
1120.092 0.0224149
1120.689 0.0223978
1121.285 0.0223809
1121.882 0.0223641
1122.480 0.0223474
1123.078 0.0223309
1123.677 0.0223144
1124.276 0.0222982
1124.875 0.0222821
1125.476 0.0222662
1126.076 0.0222504
1126.677 0.0222348
1127.279 0.0222194
1127.881 0.0222041
1128.484 0.0221891
1129.087 0.0221742
1129.691 0.0221595
1130.295 0.0221450
1130.900 0.0221307
1131.505 0.0221166
1132.111 0.0221028
1132.718 0.0220891
1133.325 0.0220756
1133.933 0.0220624
1134.541 0.0220494
1135.150 0.0220366
1135.760 0.0220241
1136.370 0.0220117
1136.981 0.0219997
1137.592 0.0219878
1138.204 0.0219763
1138.817 0.0219649
1139.431 0.0219538
1140.045 0.0219430
1140.660 0.0219324
1141.275 0.0219221
1141.891 0.0219121
1142.508 0.0219023
1143.126 0.0218928
1143.744 0.0218836
1144.363 0.0218747
1144.983 0.0218660
